1111111111111111111111111111111111111111111111111111111111111111111111111
0000100000100010000000100000100000100010000000000010000010000000000000001
1110111010001110111010101110101110101110111110111011101011101011101111101
1010000010100000100010001010001000101000100010001000101000101000001000101
1011101110111111101111111011111011101011101111101110101110101110101110001
1010000010000000101000000000001000000000001000001010001000100010100000101
1010101111111110001110110111101110101111111011111011111011111010101110101
1000100000000010001000100000001000101000000000101000100010001010101000001
1010111110101111111011111111111011111011101110101010101110101000101011111
1010001010101000001000000000001000001010000000100010101000101010000000001
1011101010111010101011111111101111101010101111111110101010101011111111101
1010001000100010101000000010000010001010001000000010000010001000001000001
1010111010101110101110101110111010111011111011111011111110111011101010111
1010100010001000100000001000000010100000100010001000001000001010001000001
1010101011111011111110111011111110101110101110101111101111101110111011101
1010101010001000001010001010000000100010000010100000100010100000101000101
1010101011101110101011101010111111111011111010111110111010111111101110101
1010001000001000001000000010100010001010001010100010100010100000000000001
1011111111101011111011111110101010011010101010101010101110101111111111101
1000001000001000101010100010001010000010100000101010001010001000100000001
1011111011111110101010101011111010111110110111101011111010111010101111101
1000000000100000100010101000001010000010100000101010100000100010101000101
1011111110101111101010101110111010101110101110101010101111111110101110101
1000100000101000100000100010001010100000101000001010100000000010000000101
1110111110101011101111101111101011101011101111111000111111111011111110101
1010000000101000001000001000001000101000000000100000001000001000001000101
1011111110101001111010111011001010101011111110111111111011101111101111101
1000001000101000100000001010001010001010000000100000100010100000100010001
1011111011101111101111111010111011111010111110101110101110110010111010101
1010000000100010001000001010000010000010000000101000100000100010001000101
1010111110111010111011101011111110111110111111101011101111101111111111101
1000100000001000101010001000100010100010000000001000001000100000000000101
1011111111101111101010111110101010111011111011111111111010111111101111101
1000100000001000001010000000101000100000000010000000001010000010001000001
1110101111101010101011111110101111101111111010101111111011111010001011011
1010001000101000101000001010100000001000001000101000000010001000101010001
1011111010101110111110101010111011111110101111101011111110101111111010111
1000000010000000100010101000100010000000101000001000000010100000000010001
1011110111011111101010101110101010111111111011111111111010111111111111101
1010000000000000101000100010001010100000000010001000100010001000100000001
1011111110111010101011101011111010101111111110101110101110101010101011101
1000000000100010001000100010001000100000000000100000100000001010001000101
1110101011101011111110101110101110111111111111111110111111111011101110101
1000101010001000100010100010100010100010000010000010100000001010001000101
1010101010111010101010101010101110111010101010101110111110111011101011111
1000101010001010001000101010100010001000100000100010000010100000001000001
1011101011101011011111111010111011101011111111110010111010101111111011101
1000001010001010000000000010101000101000100000000010001010101000001010001
1111111110111010111110111110101110101110101111111010111010101010101110101
1000100000101010001000101000000010101000101000001010100010001010100000101
1010101111101011100010101011111110101111100011101010101111101010111101101
1010001000100010001010000010000010001000000000101000001000100010100000001
1011111010101111111011111110111010111011111010101110101010111110101010101
1000100010001000001000000010101010000010001010000010000010000010100010101
1010101110111010101011111010101011111110111011101110111011111010101010101
1010100010000010001010100010001000100010001010100010100000001000101010001
1110111010111010111010101111101110101010101010111010101110101111101011111
1000101010100010001000101000101010101000100010001000101000101000001000101
1011100010101111101111101010101010111011111110111110100011111010101110101
1010000010101000100000101010001010001000000000100010101000100010000010001
1011111010101011111110001011111011101111111111101011101110001110111011101
1000001010101000100010001000101000100010000010001000001000100000001000001
1111101011101110101010111110101010111010111010111111111010111111101110101
1000101000100010101000100010100010001000101010000000100010001000001000101
1010101110111010101111101000001011101111101011101111101011001011101010101
1010001000000010001000001000100000100000001000101000001000001010001010101
1011111011111110111011111111111110101011101011101011111111101010101011101
1010001010001000001000001000000000001000100010001000100000101010101000001
1011101010101111101111101110101111111110100110111110101110111010111111111
1000100010100000001000101000100010000000100000100010001010000010000000001
1010111110111111101010101011111010111110111111111011111011111011111110101
1010000000000000100010000010000000100000000000000000000000000000000000000
1111111111111111111111111111111111111111111111111111111111111111111111111
