1111111111111111111111111111111111111111111111111111111111111111111111111
0000001010000000001000000000000000000000100000000000000010000000001000001
1011101010111011101111111111111111101010101110111111111011101110111011101
1000001000100010100000000010000000101010101010000010001000000010100010001
1011111111101110111111111010111110101010101011101010011110111010101110101
1000100010001000001000001010001010001010100000100010000010100010000010001
1110001010111111101011101011101011111010111011101110111010111110101110101
1010001010000000101000101000001000000010000000001000100010000010100000101
1011111011111110101110101111111011111110111110111101101011111011101110101
1000001000000000100000100010001010000000001000100000001000001000100010001
1000101111111111101111101010111010111101111011111011111011101110101011111
1010101000000010001000001010001010000000001000001000100000101010101000001
1010101011111110111011111011101011111011101111101110101110101010101111101
1010101000000010001000100000001000001010000000101000100010100010100000101
1010101111111011101110111111101111101011101110101010111010111010101111101
1010100000000010001010000000101000101000001010001010001010000010101000001
1010111111111010111011111110101010101111101011011011111011111010111011101
1010001000000010000000001010100010100000001000000010001010000010100010101
1011101111111111111111100010111011111110111010101110101000111010101110101
1010100000000000001000001010100010001000000000000000100010001010001000001
1010111111111011101011111000101110101011111111101011111111101111111011111
1010000000001010001000001010101000100010100010001010000000001000001010001
1011100011101010111111101010101011111110101010101011101011101010111010101
1000101000101010000010000010101000100000101000101000101010001010000000101
1110101110111011111110111110101010101110101111111110111010100011111110101
1000101000100010000000100010101000100000101000100000100010101000000000001
1011101011101010111111101010111011110110101010101111101110101111110111101
1000101010001010001000101010001010000000100010101000001000101000000010001
1010111010111111101010101011101000111110111110101011111011101011101010111
1000100010000000000010101000001010100000100010101010000010001010001010101
1011101011111111111111101110111010101111101010101010111110111010101110101
1010001010000000100000001010100010101000001000100010001000100010100000101
1010111011111110101111111010101010111011111110111011101011101110101111101
1010001000100010100010000010101000001000000000100010001000101010001000001
1011101110001010111010111110101111001110101110101110111111100010111010101
1000101010001000001010000000100000001000100010101010000000001000000010101
1110101011111011111011111111111111101110111011101011111111111011111110101
1010001000100010000010000000001000100000101000001000000000001010000000101
1011101011101110111010110110101010111110101111101010111011101110111111101
1000100010001010100010000010100010001010100010001010001000001000100000001
1010101010111010111111111010111111100010101110101011101010111011101011111
1010101000100010000000000010000000100010100000101000101000100000100010001
1011101101101111111111111110111110101110101011101011101011111100111110101
1010001000100000000010000010000010100000101000100010001010000000100000101
1010111010111110001110111011111010101011111010111110111010101110101111101
1010001010000010101000001000001010001000100010001000101010100010101000101
1011101011111011101011011011101011111110101111001011101011111011101010101
1000101000001000100010001000001000000010101000000010001000001000101010101
1011101111101110101110001011101111111010101111111010111111101010101010101
1000101000001000101000100000000010000010100000100010000010001010001010001
1010101011111011101011111110111110111110101010101010111010111111101011101
1010101000001010101000100010100010100000100010101010100010100000101000101
1010101011101000101110101010101010101111101110101110101110111010111110001
1010101000101010001000101000101010100010001000100000101000100010000000101
1010101111100011111011101110101010111011111011111111101010101111111111101
1000100000001000000010101000101010001000001000001000001010001000000000101
1011111111001111111110101011100000101111101100101011101010101111101011101
1000100000001000000000101010001000100000100000001010101010000000100010001
1110101110111011111110101010111111111010101011111010101010111110100010111
1000100010001000001010100010100000000010100010000010100010001010101000101
1011111011101111101010101010111011101010111110111010101011001010101111101
1000001010100000101010000010001010001010100010101010001010001010101000001
1011101010101111101011011111101010111110101010101010111010111010101111101
1010001000100000000010000010001010100000101000001010101010000010100000101
1110111011111111101110111010111110101011101111111010101011111110111110001
1000100010001000001000101000100000100010001000001010001000001000100000101
1011101110101011101011101111101111111011111011101011101111101011101111101
1010001000001010000010000000000000000000000010000000001000100010101000001
1010111011101011111111111101111111111110111111111111101011101110101111101
1010000010000010000010000000000000000010100010001000100010000000100000001
1011101011111110111010111111111111111011101010101010111110111011111111101
1000001000000000001000000000000000001000001000100010000000001000000000000
1111111111111111111111111111111111111111111111111111111111111111111111111
