1111111111111111111111111111111111111111111111111111111111111111111111111
0000000000001000000000000010000010000000100000000000000000000000000000001
1010100010001011111111101010111011111010101111111111101110101110111011101
1010100000101010000000101000100000100010101000100000001000001000101010001
1011111110101010011110101111111010101110101010101111111011111011101011101
1000000010001010000010100010000010100010101010100000100010000010001000101
1111111010111011111110111000111010111011101011111110111110110010111110111
1000000010000000000000001010101010000010001000000010000000100000100010001
1011111110111111111111101010101010110110111111101011111111101110101011101
1000000010001000100010001010001010100010000000101000001000000000001000001
1111111011100010101011101011101011101011111110111110101111101111111010111
1000000010000010001000101000001000001000001000100000100000100000001010001
1011111110111010101110101111101111111110101011101111111110101110111011101
1010001000100010100010101000101000000010100010001000100000101000000010001
1010101111101111101010111010111011111010111111100010101111101011111010101
1000101000100000001010000010100010100010001000000000001000001000100010101
1111101010101111111011111110101110101011101011111011111111101110101110101
1000100010101000100010000010101010001010001000001000001000001000100010101
1011111110101010101110101010101010111010111011101111101010111011111000101
1000000000101010001010101010001010100000100000100000000010000010100010101
1011111111101011111010101110111010111011111111101011111111111110101110101
1000000010001000001010001000001010001000000000101000100000100000101010101
1111111011111111101010101010101011101011111110111110101110101110101010101
1000000010000000000000100010100010001010001010000010101000101000100010101
1110101110111111111110111110111010111110101011111010101011101010111010111
1000101000100010000010000010001010100000101000100010001000101010000010001
1011101011101010111011011011101110101011101011101111101110101011111110101
1000001000001000001000000000100000100010001000100000100010100000100010101
1011111011111111111110101110111111101011101010111010111110111110101011101
1010001010001000100010100010100000001000101010100010001000100010001000001
1010101011100010101010111010110111011000101010101011101011101010001111101
1000101000001010001010001010000000001000101010001000000010001010101000001
1111101110101011111011111011111111101010101111111110111111101110101111101
1000100000101010000000100010001000101010100000001000100000001000100000101
1010111010101010111110101110101010101110111111101010101110101011111110101
1010100010101010000000001000100010101000100010100010100010101010000000101
1110101110101010111011111111101110101011101010101110111010101010111111101
1000100010001000001000100000100010100010001000100010001010101010001000001
1011111010111111111010101110111110111110111110101011101010111011101111111
1000001010100000001010000010100000001000000000001000101010000010100000001
1010101010101111101110111110001111001010111111111110101110111110111110101
1000100010101000100010001000101010000010100000100000100010000000100010101
1011111111101000111010111011101010111011101110111010111011111111101011101
1010000010001010100010100010001000101000000010000000001010000000001000001
1011101010111010101111101110101011101010111011111100101010111111111111111
1000101000100010000000001000101000100010100010000000101010000000000010001
1110101111101111111101111110101110110110101110101101101011100111111010001
1010101000101000000000100000100010000000100010101000101000100010001000101
1010101010111011111110111011111011111110111010111010101110111010111111101
1010100010001000001000100000000000001000001010000010000010101010100000101
1010111110101011111010101110101111101011111011111110111000101010101110101
1000100010101000001010000010100000101010100010000010001010101000101000001
1011101010101010101011101010101110111010101110111011101110101110101111111
1000101010100010101000101000100010000000101000100010000000100010100000001
1110101011101110101110101010111011111101101010101110111111101110111111101
1010001000100010100010101010001000101000001010100000100000000010000000101
1011111110101110111010101010101110101011111110111100111110101010111111101
1000100010001000100010101010101000101000100000100000001000101000100000101
1010001011101011101110111011101011101110101111111111101010111111101110101
1010001000100010101000001000101010000010101000100000101010000010001010001
1011101111111110101111101010101010111010101010100110101011011010111011101
1010001000100000101000001010100010100010100010000010100010001010001000101
1011101010101110101011111110101111100010111110101110111111101011101011101
1000100010001010101000100000100000001010100000101000100000101000001000101
1110101111101010001110101111111011111110101110111011111010101110111110101
1000101000001010001000101000100010000000100000001000001010100010000000101
1010101011101011111011101010111110111111101011101111101010101010111110001
1010101000100010000010001010000000100010001010100010001010001000101000101
1011101010111011111010101011111111101010100010111010111011111111101011101
1010001010101010000010101000001000001000101010001000100000000010000000101
1010111110101010111010101011101110111110111010101111101111111011111111101
1000000000100000100000100000000000100000000010100000000000001000000000000
1111111111111111111111111111111111111111111111111111111111111111111111111
