1111111111111111111111111111111111111111111111111111111111111111111111111
0010000000100000100010000000000010000000100000000000001010000000001000001
1010111110101110101010111111111011111110101011111111101010111110101111101
1000100010100010001000100000001000000010001010001000100010101000100000101
1111101010101011111111101111101111111011111010101010111010101010111110101
1010001010101000000010001010001000001000001000100010001010001000100010001
1010101110101111111010111010101011101111100011111111101111101110101011101
1010101000100000001010000010100010100010001000001000100000100010001000101
1010101011111111100011111000111110101110111110101010111110111011111110101
1000101000000000101000101010000010001000100000100010000010000010000000101
1111101111111110111110101011111010111011111011101111111010101110111111101
1000000000000010000000100000001010100010001010001000100010001000101000001
1010100111111011111111101111111011101110101010111011101110111011101011111
1010100000000000000010000010000010001000101010100000101000100010001000101
1010101111111110100010111110111110111011101110101110101111101110101110101
1010100010000010001010000000100000100010001000100010100000001000101000101
1010111010111011011011101011101111111010111011111010111111111011101011101
1010001010101000001000101000001000100010000010001010000000001010001010001
1011111010101111101110101111111010101110111111101010111111101010101011101
1000100010001000001010001000100010101000100010001010001000101010101010001
1110101111111011101011111010101010101111101010111010101010101010101010101
1000101000000010101000000010101010100000001010000010100010101010000000101
1001101110111110101111101110111010111011111010111110111110111011111111101
1000100000100000100000101000000010001000001010000000000010000010000010101
1110111111101110111110101011111111101111101011111111111011111110111010101
1000000000100000000010101010001000101000101000001000000010000000001010001
1011111110111110111000101110101011101110101111101010111010111111111011111
1000001010000000100010100000101010001000101000001010001010000010001010001
1011101010111111101110111111101010111010101010111110101111101110101010101
1000001000000000100010000000001010100010100010100010100000001000100000101
1111101011110110111011111111111010101011111010101010111111111011101111101
1000001000000010000010100000000010101010001010001000001000000010100000001
1011101111111011111110101110111110101110101011111111101011011110111111101
1000100000001010000000001000100000100000100000100010001000001000100000101
1010111010101010111101111011101111111110111101101011111111101010101010101
1010100010100010100000100010000000000000001000001000100000000010000010101
1110101011101111101110101110111011111111101010101110101111111010111111101
1000101010000000001000001000100010001000000000001000101000100010100000001
1011101110111111111011111011101110101011111111011011101010101111101110101
1010000000100010000000100010001000101010000000001000001000101000001000101
1011011111101010101010001110101011101110111111101111001010101011111011101
1000000000101000100010001000101010001000100000101010001000100010001000001
1011101110101111111111111011111010111010101011101010111010101010101111111
1000001010001000100000000010000010100010101010001000100010001010100000001
1111101011111010111110101010111110101110101010111110101111101010111011101
1000100010000010000010101010001010001000001010100010101000001010001010001
1010111010101111011011101011101011111011011010101010101011111011101010111
1010001010101000000000001010100010000010000010001010101010001010101010001
1110101011101111111011111010101010111000111111111011101011101010101011101
1000101000101000001000000000001010001000100000001000000010001010001000101
1011101110101011101011111111101010101110101111101111111010111011111110101
1000101000100000101000001000001010100010101000100000100010100010000000101
1110101011111011101110101111111010111010101011111110101110101110111111101
1000101000000000001000100000000010001010101000000000100000001000100000101
1011101111101010111011111111111111101011101010101111111010111011100010101
1000100000100010000010000010000000000010001000001000100010100010001000001
1010101110111010111111101010101110111010111111100010101110101111111111101
1010100000101010000000001000100010001000100000101010001010100000000000101
1010111100101011101111101111101011001011101110101011011010101011111110111
1010001000000010001000100000101000001010001000101010000010100000100010001
1110101111111010111010111110101111111010111011101011111010111111101011101
1000001000000010001010100010100010001010001000001000001000001000101000001
1010111011111111111010100010111010101011101111111110101110101010101111111
1010100010001000000010101010000010101010000000000010100010101010100000001
1011101110101011111110101010111010101011111101111010111010101010101111101
1000101000101000000010000010001000101000000000100010100010001010100000101
1010100011101010001011111010101010101111111110101110001110011010101110101
1010001010100010101000001000101010100000000010101000100010000010100000001
1011111010111010101010111111101010111111111010101011111011111110101111111
1010000010001010100010000000101010001000001000101010001010000010100000001
1011101110101011101011111110101110101010111111101110101010101010111111101
1000001000100000001000000010000000100010000000000000100010001000000000000
1111111111111111111111111111111111111111111111111111111111111111111111111
