1111111111111111111111111111111111111111111111111111111111111111111111111
0010001000000000000000100010001000000000000010000000001000000000000010001
1010101011111111111110101010101111101011111011111011101011111110111110101
1000101000000000100010001000000000101000001000001000101000001010000010101
1111101111111110101011101111111110101110111111101110101101101011111010101
1000100000000000101000001000100000100010000000001010100000000000001000101
1010111111111111101110101010101111101010111111111010111111111111101111101
1010001000000000001000100010101000001010001000100010001000001000001000001
1010101011111111111011101111101111111011101011101011101001101111111011101
1010101010100000000010001000100000000000001000001000001000100010000010101
1010111010101111111011111010111111111010111111111011111110111010111110101
1010001010100000000010000010001000000010000000001000000010101000100000101
1011101010111010111110111110111011111011111111101111111000101111101011101
1010100000001010001000100010000000100000100000101000000010100000101010001
1010111111111011111011101011101111101110101010101111111110101110101010111
1010100000100010000000001010001000100010101010000000000000100010001000001
1010100110101010100110111010101010110011101010101011111111111011111111101
1000100010001010100000100010101010000010001010101000000000100010100000101
1110111011111110101011101110111011111010111011101011111010101010101110111
1010101010001000101010000010001010001010001010001010001010100000101010001
1010101010101011101011111011101010101011101010111110101110111111101011101
1010101000100010001000001000100000100010001010000000100010000000100000101
1010101111111111111111101110101011101110111011101111111010111110111110101
1010001010000000000000001000101000001000101000000010000010000010100000101
1011101010101111101011111011101111101011101111011010111111111110101111101
1000001000101000001000001000100000100010000010001000100000100010100010001
1011101111101001101011101110111110101011101010101101101010101010101110101
1000000000001000001010101010000010100010001000101000101010001000101000101
1011101011111011111010001011111010111110111111100011101010111110101011101
1000101010001010000000101000000000000000000010101000001010000010101000101
1110111010111010011111101010001110111011111010101011111010111011101110111
1000100010001010000010001010100010001000101010001000001010001000001010001
1011101111101010111110111110111111101110101010111011111010101111111010101
1000100000100010100000100010100000001000001010100010000010000010000000101
1110101010101111101110100010101111111011111010100010011111111010111011101
1010001010100000000000001000100010100010000010001010000000100010101000101
1011101110111111111011111110111010101110111111111011111010101110101110101
1000100000100000000000000000100000000010101000001010000010100000001000101
1110111111101111111010101111101010111110101010111010111110101111111011101
1000001000100000100010100000101000001000101010000010001000100000100010001
1011111010111110001010111110101111111011101011111111101011101010101110101
1010001010000000101000000010100000000010001000100000000000100010100010101
1010101011111111101111011010111111111110111100101111111110111110111010111
1000100010100000100000001010000010000000001000101000001000001000000010001
1011111110101010000110001011111010110111101011101011101111101010111111101
1000100000001010100010101000001010100000100010000000101000100010100000101
1110101011111011111010111111101010101110111110111101101010111110101010101
1010101000001000001010100000101010101000100000100000001010000000101010001
1010101011101110101010101010101110101011101111101111111011111110001011101
1000101000100010101010001010100010101000101000101000000010000010101000101
1011101110111011101011011000111010101011101010101011101010111011101010101
1000101000101000100000000010001000101010001010100010100010001000101010001
1110111011101110111111101011111111101010111010111110111111101110101111111
1010000010000010000010000000000000001010000010100000001000101010100000001
1011111110101111011010111111111111101011111110101010111010101010111111101
1000100000101000001010100010100010001000100000100010100010001010000000101
1010101011111010101010101010000010111111101111111010101111111011111110101
1010001010001010101010001000101000100000000000001010101000001000001010001
1011101110101010111011111111101111101111111011101011101010101110101011101
1010001000100010000010001000100010001000000000100010001010101000100010001
1010111011101111111110101010111010111111111110111010111110101011111010111
1010100010000000001000100010100010100000000000100010100000101010000000001
1011101110111111100010111110101010101011111101111110101011101010101011101
1000001000100000101010001000101010001010000000100010101000101010100000101
1011111110111110101011001011101111111010111110100010101011101010101011101
1000000010000010001010001010000000000010001000101010101000100010101000101
1111111011111011111010111011111011111111101011101010101010111110101110101
1000001010001000000010001000000010001000101010001010101010000000100010001
1011101010101111111110101111101110101010101010111010101111111111111011011
1010001000000000000010100010100000100010001010000000001000000000001010001
1011111111111110100011111010101111111111111011101111101011111110111010101
1000000000000000001000000010000000000000000000001000000000000010000000100
1111111111111111111111111111111111111111111111111111111111111111111111111
