1111111111111111111111111111111111111111111111111111111111111111111111111
0000000000100000100000000000000000100000000000001000000000000010000000001
1111111110100011101111111011111011101111111110111010111110111110111111101
1000000010101000100000100000001000000000001010100010100000100000000010101
1001101110111110111110111010111111111111101010101110101110101111111010101
1000100010000010000000000010100010000010001010001010001010001000001000101
1011111011111010111110111111101010111010111011111011111011111011101111101
1000000000100010100010000010001000101010100000000000100000001000100000001
1011111011101111101010111010111111101010101111111110101111111110101011111
1010000010001000101000101010000000100010001000100000101000001000100000001
1010111110111000101111101010111110101111111011101111101011101011101110101
1010000010100010001010000010000010101000000000001000001000101010001000001
1011111010101111111010111111101110101111111110101110111110001000011011101
1000001010100000100010001000101000100010000010000000100010101000001000101
1011101110101110101011101011101011101010111011111111101010101111101110111
1010100000100010101000001000101000001000101010000000101000100000100010001
1010111111111010111011111000101111101111101010111110101111111110111111001
1010000000001010001010000010001000001000100010001000100000000010000010001
1011101011101110101011111110111011111010111011101011111011111011111010101
1000101000100000001000000010001000001010001000001000001010001010001010101
1110101110111111111101111011111111101011101111111111101110101010111000101
1000101000100000000000001010000010001000100010000010101000101010000010101
1011111001101011111011101010111010111110111011001010101011101010111110101
1010001000001000100010001000101010000000001010001000101000100010001000101
1010101110101111101011111111101011111111100010111110101110111111101110101
1000101000001000100010001000001000100000101010001000100010100000101000101
1111101011111010111010101011101110101110111010101111111010101011100011101
1010001000000010001000100010000010001010100000101000001000101000101010101
1010111110111111101110111110111011111010101111101010111111101110101010101
1000100010100000100000100000101000100010001000001010000000101010101010001
1011100010101110101010101111101110101011111010101011101101101010101011101
1010000010101000100010101000100000101000001010101010001000000010001000101
1010111011101110111010101110101111111111101010111010101011111011101110111
1000101000100010000010100010100010000000100000100000101000101000000010001
1111101110110011111111111010111010111110111110101111101110101010111011101
1000001010000010000000001010100000100010000010001000100010100010100010001
1110101011111110111011101010101110101011111011111010111010111010101110101
1000100000001000001000100010001000001010001000000010100010000010100000101
1001111101101011101010111110101111001010101111011110101010111000111111111
1000100000000010101010100000001000000010100010000010001000101010001000001
1010111111111110101010101111111011111010111000111011111110101011101011101
1010000000000000101010100000001000100010100010001000001000101000100010001
1011111111111010100000111111101010001010001111101011111011101110111110101
1000001000100010100010000000100010001000100000101000001010000010100000101
1101101110101110101111101111111011111111111110101111101011111010101101101
1000001000101000000000001000000010000000100010000000101000100010001000101
1011111000101011111011111010111010111110101011101110101110101011101011101
1000000000101010001000100010000000100000001000100010000000101010000010001
1011111111101011101110101110101111111110111110111010111110101011011010111
1000000000001000001010101010000010000010100010100010000010101000000010101
1010111111111111101010101011111110111011101010101111111010101111111010101
1010100000100000001010000010001000001010001010101000100010001000000010001
1110100110111011111011111110100011101010111010111010101111111011111111101
1000100010001000000000001000100010001000101010000010001000100010000000101
1011111011101111101111111011111110101111101011111111011010101110111010101
1000100000100000001000000010000000100000001000100010000010000000100010101
1010101111101111111011111111111011111111101110101000111111111111101111101
1010100010001000100010100000001000001000101010001010001010000000001000101
1110111010111010101110101110101011101110101011111011101010111111111010101
1000100010001010001010001010101000101000100010001000001010001000001010101
1010101111101011111010111010101111101011111010111111111011100011101010101
1010101000100010000010001010100000001000001010000000100000100010001010001
1011101011111110101011101010111111111011101011101110101011101010101011101
1000001010000010101000100010000010001000101000101000101010001010101000101
1011111010101010100011111011111011101110101110101011111010101110111110101
1010000000100000101000001010001000001000100010001010000010100010001000101
1011111111101111101111100011101110100011111011111010101000111011101011101
1000100010001010001000100000000010100010001000100010100010101000001000001
1110101010111010111010111111110110101111101110101110110010101011111111101
1010001000100010100010000010000010101000001010000000100010100010000000001
1011111111101110111011111010111010101010101010111111101110111110111111111
1000000000000000000010000000100000100010000010000000000010000000000000000
1111111111111111111111111111111111111111111111111111111111111111111111111
