1111111111111111111111111111111111111111111111111111111111111111111111111
0000100000001000000000001000001000000000000010000010000000100010000000001
1110101011100010111111101011101011111110111010111010111110101010111111101
1010101000101010100010001010001010000000101010000010101000100000100000001
1000101110101110101110111010111011101011101011101010001011111111101111101
1000100010100000101000100010000000001010001000001000100010000000101010001
1011110110111111101011111111110111101010101111111110101110111110101010111
1010000000100000001000000000000010001010100000001000001000100010001010101
1011101111111010101111111111111011111010101111111011111011101011111010101
1010001000000000100000000010001010000010100000000010000010001010000010001
1010111011111111111111101110101010111110111111111110111110111010101011101
1000100000000000100010001000101000101000101000100000100010101010101010001
1111101111111110101011100011101111101011101000101010101010101010101110111
1000101000100000001000101010100000000010001010101000001000001010100010101
1011101011101011111110101010111111111110111010101111111111111010111010101
1010001010000000000010101000100000100000100010101000000010001010001000101
1010111010111011111000101110101110101011101110101110111010101011101111101
1010001010001000000010100010101010000000001000100000100010100010001000001
1011100011101110111010111010101011111010111011111111101110111010111111101
1000000010001000100010100000101000100010001000000000101010001000001000101
1011111110111011101110101111101010101111101111101110101011101111101010101
1010000000100010001000100010000010100000100000101000100010100000101010101
1010111111101010111110111011111110111110111010101110111010111110101010101
1010001000001000000010001000000010100000101000100010100010000010100010001
1011101111101011111010101111111010101110101011111010100110101110111111101
1000100000100010001000100000001010101000001000101000100010101000100000101
1110111110111110101111111111101011101111011110101011111011101011101110101
1000100010000000100000000000101000101000000010101000000000001000101000101
1011101111111111111111111110111110101001111010101011111110101110101011101
1000100000100000001000000000100000101000100010000000100010001000001000101
1110101110101011101011101111101111101110101110111111101011111011111110101
1010101000100000101010001000100000100000100010000010001010001000000010101
1010111011110010101011111010111110111111111010101010111010001111101010101
1010001000000000101000001000000000100000001000101000101000100000001010101
1011101110111111101111101011111111101111101111101111101111111111101010101
1000100010000010100000100010000010000010100000100010000000000000101010001
1010111011111010101110111111001011111010111110101011111111101010100000101
1010000010001010100010000010001000001010001000101000100000101010101010101
1011111110101010111011111010111111101011101011101110101110101011101010101
1010000010100010001000001000100000101000101010101000001000101000100010101
1011111010111110101111101111111110101010101010101010101011111110111110101
1000001010100000100010101000000010001000101010001000100000000000100000101
1111101010101111111010101110101010101011101010111110101111111110111011101
1000001010001000001000100010100010100010001010100010101000000010001000101
1011111010111011101010111010101110111110101011101010101111101111101110101
1000100010001000100010100010100000000000101010000000100000100000000010101
1110111010101110101010101110111101111111101010111111101110111110111010101
1000001010101000101010101000000000000010001000100010001010100010000000101
1011101010101011101110101111101111111011101111101010111010100011101111101
1000001010101000100010100000100000100010000000001010000010101000100010001
1011101010101110111010111000111010101110111010001011101110101110111010011
1000100000100010100010001000101000001000101000101000101000101010001010001
1110111111101110101011101011101011101011101111101111101011101011101110101
1010000000000000101000001010000000100010000000101000001000001000100000001
1011111110111110101110111011001110111110101011101011111111111011100011111
1000100000100010101000101010000010001000100010001010000010000010001000101
1010101111101011101011101010111011101111111010111010111110111010111110101
1010100010001010001000001000101010100000000010000010001000001010001000101
1010111010111010101111101111101010111111111011111110101011101011101011101
1010001010001000100000101000001010001000001010000000100010001010001000101
1010111010101111101111101010111010101010101011111111111010101010101110101
1010000010100010001000001000100010100010100010000000001000101010001010101
1011111110111011111011111011101110111110101110111101101111101010001010101
1000000010001010001010000010000000100010100000100000101010001010100010101
1101111011111010001010111110111011101000111111100111100010111010101110101
1000100010001000000000100000100000001010100000000000001000100010000000101
1011101110101110111111101011101111111010101111111111111111101011111111101
1000100010100010000010001010001000000010101000100000000000001010000000001
1010111010111011111010101010111011101111101010101111101111111010111111101
1010000010101000100010100010100000100000101010100010001000100010000010001
1010111010101110111110100110111110111110101010111110111010101111111010111
1010000000100000000000100000000000000010000010000000100010000000000010000
1111111111111111111111111111111111111111111111111111111111111111111111111
