1111111111111111111111111111111111111111111111111111111111111111111111111
0010001000000000000010000000001000000010000010000010000010000000100010001
1010101011111110111011101111101010101010101010101110111010101110101010101
1010100000100000101000001000100010001010001000101000101010101000001000101
1011111011101111101111111011111010101111101111101011101010101111111111101
1000001010001000000010000010001010000000000010001000001010100000000000101
1111101110111011101010101110101011111010111010111110111010111111111010111
1000100000101010100010100000101000000000001010001000100010001000001010001
1010111111101010101010111111101011111011101111101011101011101011101111101
1010000000100000101010100000100000101000100000100010001000101000101000101
1111101110101111101110101111101110101010111110111110111111101110101010101
1000001010100010001000101000001000001010000010000010000000101010100010001
1010101010110110101011101011111111111010101011111011111000101010111111101
1010001000000000101000001000000000000010000000001000001010001010000000101
1011111111111111101111101111111111111011101101111111101011111011111110101
1000000000100000100010001000000000000010001000000000101000100000100010101
1011111110101011111010111110111010101110101011111010101110101011101010101
1010000010101010000010100010100010001000101010001000100010001010001000101
1011101110101110111110101011101111111011101010100011111010111010111111101
1000001000100000000010101000101000100010001010101000001010000010000000101
1110111010101111101010101110101010101111111010101110101010111111111110101
1000100010000000101010101010101010001000001000100010101010100000100000101
1011101110111111101010101010101011001011101111111010111010101110101010101
1010001010001000001000101010101000000000100000000010100010100010101010101
1110111011101011111111101010101101111110111111111110101110111010111010111
1000100010001010000000001000100000000000100000100010001010000010000010001
1011101010111010111011111000101111101111100010100011011011111011111110101
1010001010001010001000100010100000100000000000101010001000000000000010101
1011100011101011101110101010111011111111111010101010101111101110111011101
1000101000001000100010101010001010000000000010001000100000101000101000001
1110101011111110111110101111100010111011111111111101111110111011101111101
1000100000000010000000100000101010100010000010000000000010100000000000001
1011101111011011011111111011101010101010101010101111111010101111111111101
1010000000001010000000000010001010001010101010001000100010100000001000101
1010111111101010111011111010111011111010101111101110101110101111101010101
1010000010001010001010001010001000001010100000000000101000100010100010101
1011111010111011111010101011100011111011111111111110101010111010111110101
1000000010100000100010100010000010001000001000100000100000001000100010001
1011111110111110001111111110111110101011101010101111110110101011101011101
1000000010100010001000000010100000101000100010100010000000101010001000101
1111001110101011101011111010111011101111111110111010101111111010111110101
1000000010101010001010100010000010100000000000101000100000000010001000101
1011111010101010111010101011111110111111111111101110111111101111101011101
1000001010101010001010101000100000100000000010000010100000101000101000001
1111101010101011111010101110001110101111111010111010101110101110101111101
1000001000101000100010101000101000100000101010100000001000100000100010001
1010111110101110101110101110101011101110101010101011111011111111101011111
1010000000100010100010100010001000001000101000101000101000001000101000001
1011011111111010111010111011111111111011101111101110101011101000111110101
1000000000100010001000101000000000000010000010001000001000101010000010001
1011111110101111101110101111111111111111111010101111101000101011111011101
1000000010101010000010001000000000000000000010101000101010001010001010001
1101111110101010111111100010101111111000111110111010111011111010101010101
1000000000100010100000100010101000100010100010000010100010000000101010101
1010111111101110101110111110101010001111101011111110101111101010111010101
1010100010001000100010000000101010101000001000001000101000001010000010101
1011101010111010111011111111111010101011111110111011101010101010111110101
1010001000101010001000001000000010001010000010001000001010100010000000001
1000111111101011111111101111101111111010110111101011111010111011111111111
1000100000001010000000100000101000001010000000000010100010001010001000001
1011111011001010110010111110101011101010001111111000101111101110101011101
1000001010001000100010000010100010001000100000100010001000100000100010001
1111101010111011101111111010101110111110111110101111101010111111111110101
1000001010001000100000001000100010000000001010100000101010001000000000101
1011111010101010101111101110111011111111101010111110111011101011111111101
1000000010100010000000100000001000100000100010100010001000100010000000101
1111111010111011110111111011111010101110101110101011101010111110101111101
1000001000001010000000000000000000101010101000100000101010001010100000101
1010111111101110110111101111111110101010101011101110101111101000111110001
1010000000100010000010001000000010101010101000001000101000101010000010101
1011111110111011111010111011111011101010111110101011101010101011111010101
1000000010000000000010000010000000001000000000101000000010001000000010000
1111111111111111111111111111111111111111111111111111111111111111111111111
