1111111111111111111111111111111111111111111111111111111111111111111111111
0000001010000000100000000000000000101000001000000000000000000010000000001
1111101010101110111110111011111110101010101110111111111110111010111111101
1010001000100010100010100010000010100010100010000000001010001010000010101
1010111110111010101011101111100010111110111011111011101011101111111010001
1000100010001010001010001000001000000000100010000000001000100000001000101
1011101011111011111010111011111111111111101110101111111010111111101011101
1010001000100010001000100010000000000000001010100000100010100000100010001
1011101110100110111111101010111111111111111010101110111010101111110110101
1000001000100010000000001010000000000010000000100010000010100000100000101
1111111010111010111110101110111111101010111111101011111110111110101111101
1010000010001000100010100010000000101000100000001010001000000000101000101
1010101111101010101011110011111100101011111111111000111011111011101110101
1010100000001010101000000000100000101000000000100010100010000000100010001
1010111110101010101111111110101111101011111110001110101110111110111010111
1010000010001000100000000010100000100010000010001010000010100010001000101
1010100111111010111111111010111110111110011111111010111110101011101010101
1010100000000010000000100000001010100000000010001000001000101000001010101
1010111111111011011110101111101010101111111010101011111011101111111010001
1010000000000010000010101000000010100010001000000010000010100000001010101
1011111111111111111010101111111110111010101111111110111110111111101010001
1000000010000000001000101000100000101000100000000010100000001000001010001
1010111110111110101111101010101111101111101011101110101110111011111011101
1010100000100010100000001010001000100000000000001000100010000010000010001
1010101111101010111111111011111010111011111111111011111011111010110110111
1010100010000010000000000010000010001000001010000010000010000000100000001
1010111011101011111111111111101111101111101010111110110110101111101111101
1010001000101000000010000000001000100010001010001000000000101000000000101
1011101010111010111110001111111011111010111011101111111011111011111111101
1010000010001010100000100010001000001010000000100000101010000010001000101
1010111111001011101101101011101011101011111110111110001010101110111010101
1010000010001000001000101000100000100010000010001000100010100000100010001
1011111010111011111010101110111110111110111011101011101110101111101111101
1010001000101000100010000010000010100010100010001010000010100000001000101
1010101111101011101110110011111010101110101110111011111110101011111010101
1010100010000010001000100000001010100000101000101000000000001000100010101
1010111011011010111011101111111010111011101011101011101111111010111011101
1000101000000000100010001010000010001010001010001000101000001010001000101
1111101110111111101110111010111011101010111010101010101011101111101010001
1000000010000000100010001010001010001010001000101010101010001000001010001
1000111010101011111010101011101010011111101011111010111010111011111011111
1010001010101010001010001010001010000000100010000010001010000010001000001
1010101010101010101011100010111011111110101010111111101010111110101110111
1000101010101010101000100010100000000010000010001000101010100000101000001
1111101010101110101110101110101011101011101111101110101011101111101011101
1000101010100010100010101000100010101000100000001000101000000010001000001
1000101010111010111010101011111010001010111111111010101111111110011110101
1000001010001000101000101010000000100010000010000010100000000010001000101
1011111111101111101111111010111111111110101010111011111111111010101011101
1000100000100010000000001010100000100000001010001000000000001010000010001
1110101110111011111110101010101110101111111011101111101111101011111010111
1000101000001000000000100010101010000000001010001000000000100010001010001
1011101011101111111111101110101011111010111010111011111110111110101111101
1000001010000000000000001000101000001010000010101010000010000000100010001
1011111010111110111111111011101011111011111110001010101010111111111010101
1000100010001000000000100010101000000000000000100010101010100010000010101
1110101011111011111110101110101111111111111011111011101010101010111110101
1000101010001000001010001000101000000000000010000000001010101010000010101
1111101110101111101011111010101011111111111110101111101110101011110010101
1000101000000010001010000010100010001000000000101000101000101000000000101
1010101011101110111010111010111110101110101011101110101011101111111110111
1010001010100010100000100010000000100000101000100010001000100000100000001
1011101000111010111111101010111101110110101110111011111110111110101111101
1000101010001000100000001000100000000010100010101000000010001000100000001
1010101010001111101111111101101010111010101110101111111011101011111000111
1010101010100000101010000000001010001010101000101000001000100000001010001
1010101010111110101010111110100011101110101011101010111110101111101111101
1010101000100010001010001000101000100000101010100010100000100000100000101
1010111111101011111011101011101010111111101010101110101111111010111010101
1010000000101000000010001000100010000010001010100010001000001000101000101
1011111011101111100110111110111111111011111010111011111110101110101011101
1000001000000000100000000010000000000000000010000000000000100000100000000
1111111111111111111111111111111111111111111111111111111111111111111111111
