1111111111111111111111111111111111111111111111111111111111111111111111111
0010001000001000000000000010000010000000000000000010000000000000001000001
1011101011101011011011111010101010101111111111111000111011111111101010111
1000100010001000001010001010101010100000001000100010001000000000101010001
1110101110101011111010101110101110111111101011101111111111111110101111101
1010100010101010001010100010100000001000101010000000000000001000100010001
1010101010001010101010111010111111101110101000111111111111101011111010101
1000100000100000101000001000001000100000101010100000100000101010001010101
1011111111101110101011111111111010111110101010101110101110101010101000111
1000000000101000101000100010000010000010101000101010100010100010100010001
1010111110101011101100101010111111111011101011101010111011111110111111101
1000100000101010001000101010000000100010000010000010100010000010000000101
1111101101111010111111101010101110101110111110111110101110101011111110101
1000101000000010000000101010100010101000000010100000100000101000001000101
1010101110111111111110101010101010101011101010101111111110101111101011101
1010100000100000000010001000101010101010001000000010000000101000001000101
1110111111111111101011111111100010101110101011111010111011101011111110101
1000000000000000101000001000001010100010101000001010101010001010000000101
1011111111111110001110101011111010111010101110111010101010011110101111101
1000000000100000101000101010001010001010100010100010001010000010000000001
1011111010111110111011101110101011111010110011101011101011111011101011101
1010001010100010000010101000001000100010100000001010001000100000101000101
1110101110101011011110101011101010101110101111111010111110101111101110101
1000100010001000001000100010001010100010101000000000101000100000000000101
1011111011111110100010111110101110111010101011101011101011111111111111101
1000101000000010101010100000100000100010101010100010001000000000100000101
1010101011111011101011101111101011101110111010111110101111111110111110101
1010100000000010001000001000001010001000100010000000100000101000100000101
1010111111111000111110111111101010111010101111111110111110100011101111101
1010000000001000100010100010001010001010100000000000100010001010000010001
1111111110101101101010101010111011101011111011111010001011111010111010011
1000100010100000000010000010001010001000000010000000101000000010001000001
1010101011111101111011111010101110111110101110111110101111111110101111101
1010001000000000001010000010101000100000101000100010101000000000100000101
1011111111111111101010101111101011101011111011100011101011111111111110111
1000001000001000001010000000001010000010000010001010001010100000000010001
1011101111101011111011101011111011101010110110111010111000101111111010101
1010101000001010001000101000000010001000100000101010000000100010001010001
1010101011111010101110101011111110101110101101100011101111111010111010101
1010101000001000101000101010000000100010101000000000101000001010001010101
1010101111101110101011101010111110101010101111111110101011101010101010101
1000100000100000000010001010100000101010100000100010101010100010101010101
1010111110111111111110101010101111101010101110101010111010111111101010101
1010000010000000000010001010101000001010100010001010000010000000000010101
1011101011111111111010111010101110101011101011111010111110111111101011101
1000001000001000001000100010100010100010001000001010100010000000101000001
1110111111101100111010101110111010101010111111101011101011101110111011101
1000000000100000100010100010100010101000100000101000001000101010001000001
1011101110111110101110111010101111101111111010101111101110101011101011111
1000101000001000101010101010001000001000000010100000101000100000101010001
1111101011111011101000101010111011111010111111111110101011101010101010111
1000001010001000101000001000101000100000100000000010101010101010100010001
1000111110101011101101111111101010101110101111101010111010101110111111101
1000100000100010001000000010001010101000100000100010000000100010000000001
1011101111111110101011111010101010101011111110101111111110111010111011111
1000100000100010101010001010100010101000000010100000000000100010001000001
1110111110101010101000111010111110101110101110111010101111101111111111101
1000000010001010001010001000001000101000100000101000000000100000001000101
1011111011111011101010101011101011101110111111101111011110111111101010101
1010001010000010100010101010001000100010001000000010000010001000100010101
1010101010101010111111101010111010111010101111101011101011101010111110101
1010101010101010000000001000000010001010100000001010001010001010000000001
1011101010111010111111101111101010111010101111111000111010111011101111101
1000101010001010000000100000100010100010001010000010101010000000100000101
1110101011101010111110111111101010101111101010111110101011111111111110101
1000100010001010000000100010001000100000001010100000100000100010000000101
1011111000111011111010101010011011111111111010101010111101101010111110101
1000001010001010000010001010001010000010000000100000000000001010000010101
1001101011101010111110111011101110101110111011101011111011101011111010101
1000101000001010100010001000100010100000100000001000001000101000001010101
1110101111111011101011111010111010111111111011111111101010111011101011101
1000100000000000001000000010001000000000000010000000000010000010001000000
1111111111111111111111111111111111111111111111111111111111111111111111111
