1111111111111111111111111111111111111111111111111111111111111111111111111
0000100000000000000000101000001000001000001000000000000000100000001000001
1110101111111111111110100010101011101110101101101110111110101011101011101
1010001000100000000010100010100010000000100000000000100000101000101000101
1011111010101110110110101110111010111111110111111111101011111110101111101
1000000010101000100000100010000010000000000010001000001010000000100000101
1011111010101011101011101111111010111011111010101110111010111111111110101
1000100010101000001010001000100010100010001000100010001010001000001000101
1011101110101111111010111010101111101111101111111011101011101110101011101
1010001000101000000000100010001000001000100000000000001000100010100000101
1010111011101111111110101111111011111010111111011111111110111011111010101
1010100010100000000010101000001000100010100010000000001000100010000010001
1110101110101111011011101110101110101010101010111111101011101110111011101
1000101000000000001000100010100000100010101000100000101000100000001010001
1011101010101111101110001010111111111010101111111010101110101111101011111
1000100010101000101000101010100000001000001000001010100010101000001010001
1110111010101011101010111010101110111011111010101110111000101110101010101
1000100010100010000010000010001010001000101010100010001000100010001010101
1011101110101010111111111010111011101110101010111010101111111011101010101
1000100000101000100000000000100000100000100010100010100000000010001000101
1000111110101111101111111111111110111111111110101010111011111110101111101
1010100010001000001000000000000010100000000000100000001010001000100010001
1010100110111011111110101111111010101110111110111111101000101100101110101
1010100000100010000000100000100010001010001000100010001000100000101000101
1110111111101111111010111000101110111011101010111010111011111110111011101
1000100000101000000010001010101000000010001010001010001000000000100010001
1010101110101010111111101010101111111010111011101011101110111111101110111
1010100010001010100000001010100000100000100010000000100010100010001010101
1011111011101010111110101010111110111110101111111110111010111010111010101
1000001000000010000010100010100000000010100000100010001010000010001010101
1011101111101011111000101110110111111010101110111011001011111111101010101
1000100000001000001000100010000000001010101010001000001010000000001000101
1110111111111111111010111110110111101010101011101110111000111010111011101
1010001000000000000010000010000000101000100010100010001000101000100010001
1011101111101111111011111011111111101101111010111011111111101111101110101
1000100000101000001010001000000000001000100010001010000000100000001000101
1011111110101011101010101111111111101010101111101010111110101111111111101
1000001010100000101010100000100010000010001000001010000010100010000000001
1010101010111110001010111110101110111111101110101011111010111011111011011
1000101010100010101010001010100000001000000000101000000000000010000010001
1110101000101011101111101010111101101111101111101111111111111110111110101
1000101010001010001000100010000000100000001000100010001000000010000010101
1011101011111010111010111010111010101111111011111000111011111010111010101
1010000000001010000010001000100010000010000010000000000000001010001000101
1011111110111010111110111110101011111010111110111110111111111010111111101
1000001000100010000010000010001000001010000010000010100010000010100010001
1010101111101111111111111011111011111010111011101010101010111010101010001
1000100010001000100000001000100010001010101000100010001010100010001000101
1110111010111010101111101010101110100010101011101011111010101010101111101
1010101000100010001000001010001010100010001010001000001010001000101000101
1000101111101011111011111011111010101111101010101011101111101111101110101
1010100000101010001010001000000010100010001000100000101000100000100010001
1010101011101010101010101111110010111010111101111010101010101110111010111
1000101000101000101000100000100010000000100000100000100010001010000010101
1011101110101111101111110110111110101011101110101111111111111011111110101
1000001000101000001010000010000010101010001010001000000010000010000000101
1111101011101011111010101111111010101010111011111011111010101010111111101
1000100000001000001010100000001010101000100000001010001000101010100010001
1011101111111110101010111110111010101111111011111010101111101110101110101
1000001000001000001000000010001010100000100010000010100000100010100000101
1010101011101011111111011011101010111110101010111110111110111010111111101
1010001000100010000010001010001010001000101010001000001000100010000000001
1010111010111110111010101110101011101011101111101001101111101111011111101
1000101010001000001000100000100010001010001000001000100000100000001000101
1110101011101111101111111111101010111010101010111110111110111110011010101
1010100010001000000000000010001010001010101010000000000010000010000010001
1010101110111011111010101110111011101011101011111111111010111011111111111
1010101000100000100000000000001000101000100000001000001010001000100000001
1010111011111110111110111111111110111110111111100011101111101111101110101
1010001010000000100010001000000010100010000010000010001000100000000010101
1011001010111111101011111011111010101011111010111010111010111111111110101
1000000010000000001000000000001000001000000010000010000010000000000000100
1111111111111111111111111111111111111111111111111111111111111111111111111
