1111111111111111111111111111111111111111111111111111111111111111111111111
0010001000000000100000100000000010000000000010000000000000100000000000101
1010101011111110101110111110110110111111101010101111101110111111100010101
1010101000100000001000100010000000100000001010100010001000100000101010001
1010101110111111111011101011101111101111111010111000111010101110101011111
1000100010000010001000101000101000001000001000101000100010001010101000001
1111101011110011101110101110101011111011111111101111101110111010111111101
1000001000100010001000101000101000100010000000001010001000100010100000001
1010101010101110111011101011111110101110101111101010111100101010101111101
1000100010101000001000001000000000100000100000100000001000101010100010001
1111101110101110101111111111111111101111111110111011101011101110111010111
1000001000100010100000100000100000100010001000100010100010000010000010001
1011101011111011111010101110101011111011101011101110111110111011111111001
1000000000001000001010100010001000001000001000100000100010001010000010001
1010111110101011101010111011111110111110111110111110101011111010111000111
1010000010101010001010100010100010000000100000100000101000000010101000101
1011111010101010111011101110101011111111101111101111101011111110101111101
1000001000101010001000001000001000000000000000100000001010000010000000101
1111101111101111101011111110001011111010111010111111111010111011111110101
1000100010001000001000000000001000001010000010000000001010100000100000101
1010101010111011111111111111101010111011101011101111101010101111101110101
1010001010101000001000001000100010100000001010001000001010100000101000001
1011111110101011101011101110101000101111111010111101111010111110101010101
1000000010101000100000101000001010100010000010000000000010100010101010101
1011111000101110111111101011101010111010111110101111111110101010101110101
1010001000100000001000101010101010101010100000001000001000101010100000101
1010101111111111111010101010101010101010101111111110101011101110111111101
1000100010000000000010101010001010001010100000000000100000100010000000001
1111111011101011111110101011111011111010101111111011111110000011111110111
1000000000101010001000101010000000000010101000100010000000101000100010001
1011101110101110101011100010111111111010111010111010111111111010001011101
1000100000100000101010001000001000101010000010001010100000000010101000101
1110111011111111101011101111101010001011110010101110001110111111101110111
1010001000000000001000001000101010100000100010101000101000100000000010001
1011101110111111101111111010101010111111101011101011100010101111111011101
1000100010001000101000000010101010000010001000100010001010100010001000101
1110111010101010111011111110111011111010111110101110101010101110101110101
1000001010101010000000100010000010000000101000100000101010101000001010101
1011111010101011101110111011111110001111101011111110111011101011101010101
1010000000101000100010100000100000101000001000100010000010001010101000101
1010111011101011111010101010111011101010111110111011101110111010101111101
1000100000001010001000001000000010001010000010001000001000100010100000001
1011111010111010101111111111111111101111111011101111111011101110110111101
1000001010000010100000000000100000101000001000101000001010001000000000101
1111101111111110111111111110101110101011101010100010101010111011101111101
1000100010000010001000000010001000101010100010101010000010100000100000101
1010111010111011101110111011111011101010111010100010111010111110111110101
1010000010100000100010001000001000100010100010001010000010100010100010001
1011111110111110101011101011101010111110101110111011111110101010111011111
1010000010001010100010101010001010100000001010001010000010001010000000101
1011101011101010101110101011101010101110111011101010111011111011111110101
1010000000101010001010000000101010101000100000101010100000001000100010101
1010111110101011111010111110101010101011101010101010110111111110101010101
1000100000101000001000101000100010101000101010100010100010000010001010001
1111101111100011101011101011111110101110001011111110101010111010111011101
1000100000101010001000001000001000100010101000001000101000101010101010001
1010100110101011101110101111101011111010101110101010101110101010101011111
1010100010001000100010000010001010001010001000100010100010100010001000001
1010101011111010111011111010111010111011011011111110111010101111111111101
1010001000100010100010001010001010001000000010000000100010000000000000001
1011111010111110101110101111101011101011111010111010100011111101011111101
1000100010000000100000100000001000100010001010000010101010001000000010101
1111101011111111111111111110101110111010101110101110101110101011111010101
1000001010000010000000000010100000100000100000101000100000100000000010001
1011011010011011111110111110101111101111111110101011111111111110111111011
1010000010001000100010000000101000000010000010001000000010001010100000001
1011111110111110101011111111101011111011101110111011110010101010100110101
1010000010100000001000000010001000001000101000100000000000100010000010101
1010111010101111101111111010111111111010101011101111111111111011111010101
1010100010100000101000001010000000001010100000100010001000000010000000101
1010101110111110101011101011110110101110101110111110101011101110101111101
1000100000000010000010000000000000000000100000000000100010000000100000000
1111111111111111111111111111111111111111111111111111111111111111111111111
