1111111111111111111111111111111111111111111111111111111111111111111111111
0010000000100000100000000000000000000000000010000000100000000000001000001
1010111110111010101111111111111110111111111010111011101111111011101110111
1000100010000010100010000000100000100010000010101000001000000000100010001
1111111011111110111010111011101111100010111110101111111011111110111011101
1000000010000000001010001000100000001010100000100000001000100000001000001
1011111010111111101010111110101111111010101111111011101110111110101111101
1000101010000010100010100000101000000010101000001000100010100000100000101
1110101011111010001111101110001011111111100010101010111110100011111110101
1000101000101010000000001000001000000000001010101010000010101010001000101
1011101110100011101111111111111110111011111010101111101010101110101110101
1010000010001000101000000000000010100000100000100000101010100000100010101
1011100111101110111011111110101010111010111110111100111010101111111011101
1000100000100010001000100000001010000010100000100000100010100000100010001
1110101110110011101010111111111011111110101111101111101110111111101110111
1000100010100010001010000010001000000010001000100010000010000000100000001
1010111110101110111110111011101111111011111011111011111011111110111111101
1010100000000000100000001000100010001000100010001000000000100010000000101
1010101011111011101011101110101011101110101110101111101011101010111110111
1000101000000010001000100000101000000010001000100000101000001000100010001
1110101111111110111110100011101110111110101011111010101110111010101011101
1000101000000000000000100010000010100000100010100010100010001010101000001
1010101111101011111010111110111011101111101110101010111010101110101101101
1010100010001010000010100010101000100000100000101000100010101000101000101
1011111010111011111110100010101110111110111011101111101110101011101010101
1010000010001000000000101000001000101000100010001000100000100010001000101
1010111111101011101111101110111010101011111110011010111111111000111011101
1010100000001000001000000000000010100000000010000010000000000010001000001
1010101011111110111011111111101110101111011011101111111110101111101111101
1010101000000000100010000000100010000010001010000000000010000010100000101
1010111010101111101110101110111011111010001010111111111011111010111110111
1010001010100010001000001000001000101010101000100010001000001010000010001
1011101110101010111010101111111110101011101111100011101111101011111011101
1000100000101010001010100000001000101010000000100010000010101000000010001
1011110110101011101011101111101011101000111110101010111010101111111010111
1000000000001000001000101000101010001010001000101000100000101000000010001
1011111110111111111110101010001010001011101011101011111110101111101111101
1000001000000000100000101010001010100010001010000000001000100000101000001
1111101010111110101111101011111011101010111011101111101110111110111011101
1000101010001010100010001010000010001000101000100000100010100000100010001
1001101111101010111010111010111110111010101110111111101011101111101011111
1000100000001010001010100000100000100000100000001000101000101000001010001
1010101011111011101010111111111010101111111111101010111110101011101110101
1010100010000000101010000000001010000010000010101010001000101000100000101
1010101111111110101011111111101110111010111010101011001000001100111111101
1010000000000000100010000010100010000010001010000010000010101000100000101
1011101111111110111010101010111011101110111010111111111111101111101110101
1010001010000000001000100000101000101010100010100000100000100010001000001
1010111010111111111011111110001110101010100111101110101110111010111101111
1010001010001000000010000010000010100010100010001010100010001010001000001
1011101010111011111110111011111010111010111010111010111011101000101011101
1010001000100010100000000000001000100010001010100010001010100010101000101
1010111111101110101011111111101110111111101010101010111010111110101110101
1010000010001000101010001000001000100000001000101010000010000010100000101
1011111010011010101110101011111010101111111111101011111111101010111111101
1000100010001010100000101000000010100000000000101000000000101000000000001
1010101111101110111111101010101110101011101110101111101110101111111011111
1000100000000000100000101010101010101010001010100010001000100000000010001
1011111111111110101011101011101010101110111010101110111011101110111110101
1000100000001000101010001000001000100010100010101000100000101000100000101
1110101111101011111010111011101110111010111010101011111110111011101111101
1000100010101000000010100010000000100010001010001000001010001010001000101
1011111010101110110110111110111110101110101011101011101011101010111010001
1000100010001000100000100010100010101000101010001000101000101000100010001
1110101110011111101111101010111010101011101010111111101000101011101111101
1010101000000000101000101010001010001010101010100000001010101010001000101
1010101111111110101010101011101011111010101010111011011110101110111100101
1010100010001000001010001000001000101010101000000010000000101000100000101
1010111010101110111011111111111010101010101111111110101011101010101111101
1000101010100010100010001000000010100000100010001000001000001010001000101
1011101010111011101110101110111110111011111010111001101110111010101010101
1000001000001000000000100000100000000000000010000000100000000010100010000
1111111111111111111111111111111111111111111111111111111111111111111111111
