1111111111111111111111111111111111111111111111111111111111111111111111111
0010000000100000000000000000100000001010000000100000001000000000000000001
1011111010001011111111111110101011101010111010101110101011111011111111111
1000100010101000100000001010101000100000100010101000101000100000000000001
1110101111101110101111101010111010101011101110101011101110101111111111101
1010100000100010001010001010100010101000101010101010001000000000000000101
1010111010111011111010111010101110101111101010100010111111111111111111101
1010001010001010000010100000001000000010001010101010001000000000000010001
1011101110111011111010111111111111111010111010101011101011111111111010111
1000100010001000100010100000000000001000100010001010001010001000000010001
1010111011101110101010101111011111101111101110101011101000111011111111101
1010001000100010101010100000000000101010000010101000100010100010000000001
1010111110101010101110101011011111101010111010111110111110101111111011111
1010000000101000001000100010000000000010100010001000100000101000000010001
1011111111111111111011101110111111111000101110101011101110001110111110001
1000100000000000001000101010100000000010100000101010001000100010000000101
1110111011111101101010101010101111111010111110101010001110111010111111101
1010000010000000101010000010101000100010000010100010100010000010000000001
1010111110111110101111101110101010111111111010111111111011100110101111101
1000000010100010000000101000100010001000001010000010001000100010101010001
1011101010101010101110111011111110101011101010111010101110111011100010111
1000101010101010000010001010000010101010100010100000100000001010001010001
1110101110101111101011100010111011100010111110111111111110101010111010101
1000101000001000001000100010001000001010000010001000000000100010100000101
1111101011111010101110111110101011111010111011101111111111101110111011101
1000100010000010001000100010101000000010101000000000000000101000001000001
1010111010111111111011101010001110111110101011111111111110101111101111101
1010001010000000101010000010100000100000001000001000000000100000100000101
1011101111111010101010111010111111111011111101101011111010111110111110101
1000100010001010100000100010001000000010001000001000100000000010000000001
1010101010101110111111111011101010111010101011101110110111111011111111101
1010100000100010001000000010101010001010100010000010000000100000001000001
1010111111111011101011101010101110101010101111111011101110111111111011111
1010000000001010001000101000100000100010101000001000001010000000000000001
1011111111101010111110100011111110101110111011101110101011111111101110101
1010001000001000100010101010001000001000100010001000100010000000000010101
1011001011111110101010101010101011111010101110111010111011101110011010101
1000001010000010101000100010100010000010100010100010001000101000001000101
1110111010101110101111101110111110111110111010101111101110101001111011101
1000000010101000100000100000100000000010000010101000100010101000100000101
1011111110111011111010111111111111111011111110101011101110101011101110101
1000000000100010000010100010000010001010000010100010001000100010001010001
1010101110101111101010101011101010101010111110111010111011101110111011101
1010100010100000001010101000001010100010000010100010000000101000101000001
1010101010111111111010101111111011101110111010101111111110111011101011111
1010000010000000000010001010001000101000000010101000001000000000101010001
1010101110101111111111111010101110101011111010111011101111101110101000101
1010000010001000100000100000100010100010001010000010100000101000100000101
1010111011111010101001101110101010111110101011101110111110101011111111111
1010101010000010101000100000101010100000101000001000000000101000100000001
1010100011101110111110101111101110101010101111101110101011101010101111101
1010101000001000000010001000001000101010000000100000101010100010000000101
1110101011111111111011111010111011111010111111111010111010101111111011101
1000100010000000101000001010100010000010100000000010000010101000001010001
1011111110011110101111101010101110101111101111111110111110101011101110101
1010000010000010100000000010101000100000000000001000100000100010001000101
1010111011111010111101111110101010110110111111111011101111111110111011101
1000001000001010001000000000001000100010001000001010000000100000100010001
1011111011101011101011111110111111101011111011101010111110101111101011111
1000100010001010001000001000000000001010000010100010100010001010001010001
1011101011111010111110101010111111111010111110111110101011111010101110001
1010001010000010000000100010001000100010100000100010001000000010100000101
1010111010111111111111111111101110101110111010101011101011011010111111101
1010100010001000100000100000100010100010001000001010001010000010001000101
1010111111101010101010100010111010111011101011111000111010111011101011101
1010100000100010000010100010000010001000101010001000100010100000100010001
1110001110111111111110110011111111101110101110101110111010101111111010101
1000100000000010000010000010000000001010100000100000001010000000000010101
1010101010111110101111111110111111101010111011111011101111111111101110101
1010101010100010100000100000100010000010001000001000100000001000101000101
1011101011101010111110101110101011111111101111111010111111101010111011101
1000001000001000000010000010001000000000000000000000100000000010000010000
1111111111111111111111111111111111111111111111111111111111111111111111111
