1111111111111111111111111111111111111111111111111111111111111111111111111
0000000010000000000000100000100000000010000000100000000000000000000000001
1111111011101010111010101010111111101010111110111111111110111110111111101
1000001000001010100010101010000000101010000010000000000000100010100000001
1011101111111011101110101011111110101010101010110111011010101011101111101
1010000010001000001010101010000010001000101010100000000000001000101010001
1011111011101111111010101010101011111110101011101011101111111110100010111
1000101000000000001000101010101010000010101000001000000000001000100010001
1110101111111011111011111010101010111010111110111110111111101011101011101
1000000000100010000010000010001010101010000010100000001010001010001010001
1011101011101110111110111011111010101011111011101011101010111010111010111
1010000010000010101000001000001010101000001000001000100010001000101000001
1011101110111110101011101110101010101011111111111110111010101111101011101
1000101000100000101000100000101000001000001000001000100010100000001000001
1010101011101111101010111111101111101111100010101011111110111110101111101
1010101010101000100000000010100000100000101010101000000000100000101000001
1110101010101010111011111000111110111011100010111111110110101110111011111
1000100000101010001010000010100000000010001010000000100000100010100010001
1011111111101011101110101010101111111010111011110010101010101011101110101
1000001000001010100000101000101000001010001010000010000010101010001000101
1011101011111010111111101111101011101111101010111111111110101010111010101
1010100010000010000000100010001000100000100010000010100000101000100000101
1010111111111010101011111010111010111110101111111010101110101111101111101
1010000000000010101010001000100010101000101000100010101000101000001010001
1010111111111111101010101101111110101011101010101110101010101011111010101
1000100000000010001010100000000010101010001010001000001010101000000010101
1111110110111010111010111110101010101011111011101011111010101110111110101
1000100000000000100010100000100010100000001010000010001000101000100010101
1010101111111111101110101010111000111111101011101110001010101111101010111
1010001000000010001000001000001010001010001000101000101000101000001010001
1011111011111011011011111111101011100010111100101011101010101011111011101
1000001000001010001010100010001000001010100000101010100010101000000000001
1011101011111010101010101010111111011010111010101010101110101011101111111
1010100010000010100000101000100000000010000010101010001000101000100000001
1010111110111010111111101111101011111111111110101010101010101010111111101
1010100010101010100000100010001010000000001000100010001010001000100010001
1010101010101010001110111010111010111110101110111110111011111110101010101
1000101000100010101000001010100010100010101000001000101000001000101010101
1111101111101110101111101010101110101010101010111011101111101011101010101
1000000010001000101000101010100010101010100000100010000010001000001010101
1011111010111011101010101011111010111010101111101111111010111110111110101
1010000000100010101010100010000010100010101000001000000010100010100000101
1010111111101110101010111110111010101110111011111110111010111010101111101
1010100000001000100010000010100010000010000000000010001010001000001000001
1011101111111110111111111010101110111011111111111011101111101111101110111
1000001000000000000010000010100010000010001000001010001000001000100010001
1011111011101111111010111110111111111011101011101010101011111010111011101
1000100010001000100010000010100000001000001000101010101000100010000010001
1110111110111010101111111000001111101111101100101010111100101010111110111
1010001000100010000000001010101000001000001000100000100000101000000010101
1011101011101111111011111010101011101011111011101011101111101011101010101
1000001010100010001000001010101000101010001010001000001000001010001010101
1011111010111011100010101010101110111011101010001110111011111010111010101
1010000000100010001000100010000010001000001010100000000010001010101010101
1010111110101110101110101111111111101110001010111111101110101010101010101
1010001000000000101000101000100000100010101000001000001010100010100010001
1010101011111111111011111010101110101010101111101111101010111110111011101
1010101010100000000000000010000010101010100010100000000000100010001010101
1010101010101011111110111111111110101010101010111111111010111011101010101
1010101000101010000000100000100010101000001010001000001010001000001000101
1010101110101110111100111011101010111111111010101011101010101110101110101
1010101010100010001000001010001000100000100010101010100010100000100000101
1011101010111011101110101010111111101110100111101010111110111111111110101
1000101000100000000000100010100000101000000000001000101000100000000010001
1110101110001111111111111010101110001001111100111110000010101111101111111
1000100010101000100000001010100010101000001000100010100010001000100000101
1011101011101010101010111010111010101111101011101010100111101010111010101
1000101010001010001000100010001010001000000000101010000000100010001010001
1110111010111011111110101111101011101011111111101011111110110110111011101
1000100010001000100000101010001000101010001000001000000010000010100010101
1011101011101110101111101010111110101010101011111111111011111011101110101
1000001000100000100000000010000000001000100000000000001000000000001000000
1111111111111111111111111111111111111111111111111111111111111111111111111
