1111111111111111111111111111111111111111111111111111111111111111111111111
0000000010001000000010000000100000100000000000001000000000001000000000001
1111110010111011101010101110101010111011111010101011111110101011101111101
1000100010000010001010101010101010100010100010101010000010101010001000101
1011101111111110111010101010101010101110101111101011111010101010111001101
1000100000001000100010100010101010001000100000100000000010101010101000001
1110111111101011111011101010101011111010111110111111111110101110101011111
1000001010001010001000001000101000001010000000100000000010100000101010001
1011101010111010101111111011101011001011111010101111111010111111101010101
1010000010100000101000001000001010001000001010001000001010100000001010101
1011111110101111101110101111111010111011101111111011111010111110101011101
1010000000101000001000100000000010100000100000000010000000000010101000101
1010111111111011111011111111111010101111111010111110111011110010101110101
1000100000000010000010100000100000100010001010000010100000000010101000101
1011101011111110111110101010101011111010101011111010111011110110111011101
1010001000000010001000001000101000000010101010000010001010000010000010001
1010111111111010101011111011101111111110101110111011101010101010111110101
1010000000100010101000100010001000000000100000000000100010101010001000101
1010111111101111101110101010111011111111111010111011111110101111101010101
1010100000001000101000001000000010000010000010100000000000100000101010101
1011101111111010101110111110111010111011111010101110111111111110101010101
1000001000000010100010100000001010101000001000101000100010000010001010101
1110011110111110101011101111101010001111101110101110101010111011111010111
1000000000100010101000000000100010000000100010101000101000101000100010001
1111100011101010111110111111111011001111111010101011101111101001101111101
1000000010001010100010001000001010001000000000101000001000100000000000101
1011111110111010101011111011101010111011111010101001111010101111111101101
1000100010001010101000001010101010001000001000101000000010000000100000101
1010101010101110001010100010101011101111101111101111111011111110101110101
1010001010101000101010100010000010001000000000001000100010000000101010001
1011111010101011101010111110111110111011111111111000101010111110001011101
1000101010101000001000100000001000100000001000001010101000100010101000001
1110101011101111111011111101111011101110101011101010111011101010101011111
1010101000100010000000001000001000001000101010100010100010001010101010001
1010101110111010111110101011101011111011101010111110101110111010101110101
1000100010001000100000101000100010001010101010000010001010001000100000101
1011101011101111101111101110111110101010101010101011111011101111111111101
1010001010100000001010000010100000100000100010101010001000001000000000001
1011101010111110111010111110111011111110101111101010101011111110101111111
1010001000100000000010000010001000100010001000101000101010000010100000001
1010111110101111111011111011101010101010111000101110111010101011111111101
1000100010100010001000100010001010001010100010101000100010100000001000001
1111101110111010101110101110111111011010101110101111101111101101101011111
1000100010100010000010100000100000001010101010100000100000001000001000001
1011101010101010111110111111101011101011101010111110111111111011111011101
1010001000101000000000000010001010000010000010000010100000000010000000101
1010111111101111111110111110111011111010011011111010101111101010111110101
1010100010000000000010000000101000100010000000001010001000001010000000101
1000001110111111111010111111101110101111111011111010111011101010100111101
1000101000100000001010001000001010000000000010000010001010101010000000101
1011101011111011001011101011101010101111111110111110101010101011111110001
1010001000001010001000101000100010000010000000100000101010001000001010101
1010111111101110101110101010111011111110111011101010101010111111101010101
1010001000001000100010101010001000101000100000101010101010100000001000101
1011101011111010110110101011101110101011111010111010101011101111111111101
1000101010000010100000100000100010001000100010000010001000001000000000101
1110101000110110101110101110111010101110101111111010111111111111101110101
1010100000100010100010101000100010001000100000100010000000100000001010001
1010111111101011101011101010101110101011111110111110101010101111111011101
1010000000001000101000001010001000001000000010000010100010001000001000101
1011111111101110101011111011111110111111111011111010111011111010101010101
1000001000001000101000000000000010000000001000001010001010001010100010001
1011100010111011101011111110111011111011111011101011101010101010111111111
1010001010000010001010000010100010100010001000101000100010101010000000001
1010111011111110111110111010101110101110101111101010111110101010111110101
1010100010000000100000000010101010000010100000001010000000100010000000101
1010101110111111111011111010100010111110111111111111111110111011101011101
1010101000000000000010001010100000100010100000100000000000100000101000101
1010101111110111111110101011101110101010001010101010111110101101101010111
1010101000000000100010101000001000101000100010101010100000101000001010001
1010101011111110101010101110111010101111111010101011101110111011111111101
1010000010000000001000100000000010001000000010001000000010000000000000000
1111111111111111111111111111111111111111111111111111111111111111111111111
