1111111111111111111111111111111111111111111111111111111111111111111111111
0000000010000010000000000000100000100010000000100000001000001000100000001
1110101011111010101111111110101110101110111010101110101011101010101111101
1010001010001000101000001000100010100010101010101000100010101000001000101
1011111010101111101010111011111010111010100010101011111110101011101010101
1000001000101000001010000010000000000010001000001000100010001000001010001
1011111011101011111011111111101011111011101111111110101010011111111011101
1000000010001000001010000000001000001000101000000010001010000000000010001
1011111010111111101011101111111010111110101011111111111010111111111110111
1000001000100000000010001000100010000000100010000000100010100010000010001
1101101111101111111010111000111011111111111000111110101111101010111111101
1000000000001000100010001010001010000010000010000010101000001010100000001
1011111011101011100111101011101011101010111110111010101011111010101111111
1010000010001000100000100000101000001000100010001000101000001010001000001
1011111110111110111110111110101111101110101111101011101011111010111111101
1000000000100000001000100010100010001000100000101010000010000010100000001
1111111111101111101011101010111011111011101010101011111010111110101111101
1000000000000000101010001010001000000000101010101010001000100000101000101
1011101111111010101010111011101111111110111011101010101110111011101010111
1010001000101010001000101000100010001000000010001000100000001010001010001
1010111010101011111111101110111010101111111010101111111011100010101011101
1010100010001010001000000010000010100000001010100000001000001010100000101
1000111010111010101011111110101110111111101110101111101111111011111011101
1010001000001000100010000000101010100000100010000010101000100010001010001
1111101011101011111110111111101010101110101011111010101110101110101110101
1000001000100010000010001000100010100010001000001000100010101000100000101
1000101111111110111011101011111010111110101111101111111000101011111111101
1000000010000000101000001000000010000010100000100000000010101000001000101
1011111010111111101111111011111011111010111010111111111110101110101011101
1010001010100000100000001010001000100010100010000000001000101000001000101
1011100010101110101011111010101111101110111011111110101110101011111010101
1010001010100010001010000010100000001000100010001000100010100000000010001
1010101010111011011010111110111111111011101011101011111010111110111011111
1000101010001000001000100000101000000010001000001000100000000000100010001
1110101011101111111110101111101011111110101101101110111111101110101111101
1000001000001000000010100000100010000000001000100010100000100010100000001
1011111010111011111010101110101110101111111010111000101110101010111111101
1010000010100010001010100010101000101000000010001010000010001010000000101
1000111110101010001011111010101011101011111111101011110111111011111111101
1000000010101010001000000010001000100000100010001000100000001010001000001
1011111010101010111111111110111010101110111010101111101111101010101011111
1010100010101010000010000010101010100000000010101000100000101010100010001
1010101010111011111010101110101010111111101110111010101110101010111111101
1010101010000000001000101000101000000000101000100010000000100010001000001
1010101111101011101011101011101111101010111010101111111111101110101110111
1010100010001010101000101010100010001010000010100000000010101000100010001
1010110010111010101010101010100010111010111111111111111010101010111010101
1000100010001000100010100010001000001010000000000000100010000010000010101
1110101111101110111110101111111111101011101111011011101111111011111110101
1010100000001000001010100000000000101000000010000010001000000010000010101
1010111011101011101010111111110110101010111110111010101011111110111011101
1000101010001000000010000010000000101010001000100010000010001000001000001
1011101010111111111111111010111111111011101011111011111111101011101111101
1000101000000000100000001010001000001000001000001000101000001000101000001
1110101111111010101011101011100010101110111110101110101010011011101010101
1010100000001010100000100010001010100010000000100010100010000010001010101
1000101101101010111110111110111110111010101110111010111011111010101010001
1000101000100000001000100010100000100010001000100010001010001010100010101
1011101010111110101011101010100111101111111010101111101110101110001110101
1000001010000010000010001000100010101000001010101000100000100000100010101
1111111010111010111010111111111010101010101010101011111111111111101011101
1000100010100010000010100010000010101010101000101000000000001000001000001
1011101110111011111110101010101110101110111110101110111011011011111111111
1000100010001000100000001010000010101000000010100010001010001010000010001
1110111011101110111011111010111010101011101010111010001110101010111010101
1000001010001000000000100010001010001000001010100010101000100010001000101
1011111010111111110110101111101010111111101010101010101011111111111111101
1000000010100010000000101000001010000000101010001010100010000000000000101
1011111110101011110110101110101010111110101010111010111111111010101110101
1000100010001000000010100010001010100000101000100010100000001010100000101
1110101011111111111011111011111010101111111111101110101111101110101111101
1000001000000000001000000000000010000000000000001000001000000000100000000
1111111111111111111111111111111111111111111111111111111111111111111111111
