1111111111111111111111111111111111111111111111111111111111111111111111111
0000001000000010000010000000000000000000100000100000000000000010000010001
1111101110111010001010101111111111111010111011101011111111101010101010101
1000000010001000101010101000000000001010001010001000000000101000101000001
1010101011011110101011101010111111101011101010111111111110101010001111101
1010001000000010101000101010100010001000101000100000000000101000101000101
1011101011111011101110101010101010111011100011101111111111101111101010101
1000100000001000001010001010101010001010001010001000000000001000001010001
1111111010111111111011111110101111101010111110111010111111001011101011101
1000001010100000000000000000100010001010100010001010000010000010001000101
1011101010101111111111111011101010111010101011101011111011101111101110101
1000100000101000000000100010001010100010000000001000001000001000100010001
1010101111101011111011101110111010101011111111111111101111101010111111101
1010101000000010000000001010101000101010000000000010001000100010000000101
1010111011111010111111111010101111101000111011101010111110111111111110001
1010000010000010000000100000001000001010001000100000000000100000001010001
1011011110101011111110101011101111111011101110111110101010101011101011011
1010000010101010000000101000000000000000101010000000101010101000100000001
1011101110101010011111111111101111111111101011111111111010101110111101111
1000100000101010001000000000100000000010001000000000000010101010100000001
1110111111101011101011111110101111011010111110111111101110101010001111101
1010100000001010001010001000101000001000100010100000100010100010001000001
1010101111101010111011101010001111101111101011101110111010111110111011101
1010100000100000100010001010100000001000001000001000100010000010101010001
1010100110101111101110101011111101101111101111111011101111111010101011101
1010100010100000100010101010000000100000100000100000000000101010001000101
1010111110111110111010111010101111101110110110101110111110101010101110111
1010000010000010100010100010100000000000000010100010001000001010000010001
1011111010111110101110100110111111101011111010111011111011101011111011101
1000001010000010101000100000000000101010001010100000000010001000001010001
1011111010111010101110111111111111101010101010111111111110101111101010101
1010000010101010100000100000100000101000101010001000101000100000100010101
1010111110101010111110101110101110101110111010001010100010111010111010101
1000100010001010000010101000100010001010100010101010001010100000001000101
1011111011101011101110101111111011111010101111101011111010111111111111101
1000001010001000100010101000000010001000101000101000000010001000000000101
1111101010111110111010101011111110111011101010101111111110101011101011101
1000001010000010001000101000100010000000101010001000000010001010001010001
1011111011111010111111101110111010111111101011111011111010101010111110111
1010000000001010000000100010001000001000001000100010000010101010000000101
1011111011101011101110101011101111111011111010101110111110100011111111101
1000001010100010001000001000101000001010000010001000100000100010000000001
1011101010111110111011111111101011101010111111111011111110111110111111101
1000001000100010100010000000001000101010000010001000100010000000101000001
1011111110101010101010101111111110101011111010111110001011111111101011111
1010000010001010100010101000000010101000101010000010001000000000100000001
1010111011111010111110111011111010101110101011111011111111111110111111111
1010001000001010100010001010001000100010101000001000000010000010000010001
1000111110101010001011101011101111101110101111101110111010110111111010101
1000100010101010001010001010001000000000100000101000101010000000001000101
1011101010111011111010111010101110111101101110101011101011111010101111101
1010001010000000100010001000100010000000001000100010100010001010101000101
1010111011011111101011101111111011111011111011110110101110101110101000101
1010101000000010001000100000001000100010000010000000000000100010100010101
1010001111111010111110101111101110101110101010111010111111111010111110101
1000100000001000100000100000101000100010101010001000000010001000101000101
1110111110101111101111111110101010101010111011101010101010111111101011101
1000100010100010001000001000101000101010000000001010001000100000001010001
1010101011101010111110101011101110101010111111101110101111101111101010101
1010101010001000000000101000100000101010100000101000100000001000001010101
1010101010111111011111101110101111101011101110111011101111111011111010111
1010101000100000000000001000101000101000100010000000001000001000000010001
1010101110101111111111111011101010111110111010111111100011101111111111101
1000001000100010001000001000000010000010000010000000101010100000100000001
1011111011111010101110111111111011111010111110111110101010111110101111101
1000100010001000100010000000100010001010100010000010101010000010100000101
1010110110101111111010101110101111101011101011011000111010111010101110101
1010100010100000100000101000101000001000001000000010100010000010101000101
1010101010111110101111101011101011111010111101111110101111101110111011101
1000101010000010001000100000000010000010100000000010000000101000100010001
1011101011111011111010101111001010111110101011111110111110101011101110011
1000001000000000000010001000000000000000101000000000000000100000000000000
1111111111111111111111111111111111111111111111111111111111111111111111111
