1111111111111111111111111111111111111111111111111111111111111111111111111
0000100000000000000000000010000000000010000000001000100000000010000000001
1110111110111111111111111010111110111011111011101110001110111010101110101
1010100000100000100000100010100010101000000010100010001000100010100000001
1010001111101110101110101110101110101110111110111011111010111110111010111
1010001000001000100010001010100010100000100000001000100010100000001010001
1010101011111011111011111010111010101110101110111110101111101111101011011
1000100000001010001010000010000010100010001010100000101000001000101000001
1011110111111011101010111011111010111011111010101011101011111010111111101
1000000010001000100010001000100010001000001000100000101000101000000010001
1111011000101010101110101110101011101110101111111010101110101011111010111
1000000010101000101000100010101000000010100000000000100010101010001010001
1011111110101011101011101010101001111010111111111110101110101011101011101
1000001000100010001010001010001000100010100000000000001000001010001010001
1110101011111110111010111111101110101110101111011111111011111010111010101
1000101000000010101000100000100000101000100000000000100010100010000000101
1010101110111010101110100110111110101011111011111110101110101110111111111
1010100010100010100000100010000000001000001010001000101000101000001000001
1011111010101010111111111011111011111111101110101010101010101111100011101
1000001000100010001000000010001010001010001000100010100010100010001000101
1111101110101011101011111010101110101010111011111111111010111011101110101
1000001000001000101010001000100000101010100000000000000010101000000000101
1010111011101011101010101011111111101010101111011011111010101010111111101
1010100000101010001000100010000010000000101000001000001000001010001010001
1010101111101110111011111110111010111011111010101111101111101011101010111
1010101010001000001010000000100010001000000010101000001000101000000010001
1010101010111011101011111011101011101011101010101011101010111111111111101
1010100010000010100010001010001010001010001000001000101010100010000000101
1011111011111110101110101110111010111010111011111010101010100010111110101
1000001000000010101000101000100000101010101000000000100010101000100010001
1010101111111010101011101000101111101000101111111111111010101101101111101
1010101000001010100010001010100000100000100010000000000010001000000000001
1010101010111010111110111010110110111111101010101111101111111010111111111
1000101010100010100010000010100010100000101000100000001000001010001000001
1011111010101110100011111110101110101110101111111111111010111010101011111
1000100010001000001000000000100010000000100000001000100000001000101000001
1010101110111011111111111111111011111110101010101010101111101111101011101
1010001000001000100000001000000000001000100000100010001000001000001010001
1011111110101110101111101011111110111011111110111111111011111011111110101
1010000000000010001000101000100000100010000010001000001000100010000010101
1010111110111111111011101110111110100110111010111011101010101110111010101
1010100000100000100000100000100010100010101010100010001010001000100010101
1010111111101110101110111110101011111010100010101110111011111010101110101
1010001000001010101000100000101000000010001010101010001000100010100010101
1011101011111010101011101101101111111011100010100011101110111010111010101
1010001000001010001000101000100000100010001010100000100010001010001000101
1010111111101011111110101010101110111010111010101110101011101111101111111
1000000010101010000010001010100010001010001010001000001010100000001000001
1011101010101010111011111010101111101111101011111011111010111111101011001
1010001000100010100000000010000000100000001000000000100010000000001010001
1010111111111010101111111111111110101111111111111111101010111111111010111
1010000000000010101000001000100000100000100000100000001000100000001010001
1010111111111110101011101010101111111110101110101111111011101111101011101
1010000000000010101010101010001000000010101010100000001000101010001010001
1011111111101110111010101011111011011110101010111111101111101010111010111
1000100000101000100000101010000010000000101010000000100000100010000010001
1110111010101011101111101011101110111111101011101010111110111011111111101
1010001010101010001000101000100010100000001010000000100010100000001000101
1011101010001010111010101110111010101011111010111010101010101111111010101
1000101010001000001010100010001000001000000000000010001010001000000010001
1010101011111111101010100011101111111011101111111011111011111010111111101
1010101010000000101010100010000000001010100000100000000000000000001000101
1010101010111110111010101111111111101010111110101101011111111110101011101
1000101010100010100010101000100000100010000010100000001000000010101000001
1010101110101110101110101010111110111110111010111111101011111000101111101
1010000000101000101000100010000010000000101010000000101010000010100000101
1010111111101011101011111110111010111111101011101010101010111011111010111
1010000010000010001000000010100010100000100010000010001000001010001010001
1010111010111111101111111010101110101010101110111110101111101010101011101
1010100010100000101000000010101000001010000010100010001000101000101010001
1010111110101110100010111111101011101111111110101011101010101111101110101
1010000000001000001000000000001000100000000000001000000010000000000000100
1111111111111111111111111111111111111111111111111111111111111111111111111
