1111111111111111111111111111111111111111111111111111111111111111111111111
0010000010000000001000000000000000100000100000000010000000000010000000001
1011101010111011101101111111111110101110101111111010110110111010111011101
1000001010001000100000100000000010100010101010001000000010001010100010001
1111111011101010111110101111111010111010101010001111111011101010101110111
1000001000001010001010100010000010000010101010101000001010001000100010001
1101101010101111101010110010111111111010101010100011100010101111111010101
1000001000100010001000100010100000001010000010100010101000101010000010101
1011101111111010111110101110001111101110111110111110101111101010111111101
1010001000001010000010001000100000100010100000000010001000001010001000001
1010101110101011101011111011101110111010101011111010111011111011101110111
1010000010101010000010001010001010001000001000100010000010000000100010001
1011111010111010111110101010111011101111111010101111111110101110111011101
1000101010100010000000100010001010001000100010001000000010001010001010001
1110101010101111101110101111101010111000101011111011111011101010101010101
1000101000100000101000100000100010100010101000000000000010001010101010101
1011101110111010111011111110111000101010101111111111101110111010111010111
1000000010100010000010000010100010100010100000100010001000100010100010001
1010101110101011111110101110111110101111111110101110111011101110101110101
1010000000100000001000101000100000101000000010100010001000000000000000101
1010101111101111101010111011101111101011111010111011101111101011111010101
1010100000001000101010100010001000100000100010000000100000101000000010001
1110111111111010101010101110101010111111101111111110101110101111111111101
1000100000000010101010001000100010100000100000000010100010101000001000001
1011101111111110111011111011111110101110101111101010111010101011101010101
1000001000000010100010000000001010101000101000001010001010101010101010001
1011111011111010101111110111101010101011101011101011101010101010101011111
1010000010000010001000000000101000001010001000100000001010101010101010001
1010111010111111111011111110101011111010111110101110111011101000101010101
1010001010100000001000100000101010000010001000101000101000100010101000101
1011111011101110111010101111101010111110111011101011101110111110101111101
1000001000101010000010101000100010100000100010101010000010000000101000001
1111101010101011111010100000101110101111101110101010111011111110100011101
1010001010101010001010101010000000100000101000101010100000100010001010001
1010111010101010101110101010111101111011101010101011101110111011111011111
1000000010000010100000100010001000001010001010001000001010001000000000001
1011101111011110111111111110101111101010111011101111111011101010111111101
1010000000001000100010000000100000100010101010000000001010001000100000001
1010111110111011101010111111111110111110101010111110101010111111101111001
1010000010100010001010100000100010001000100010000010100010100000101010001
1011111010101110111010111110101010101011111010101010111110100110101010111
1000100000100000101000100000101010101000001000001010001000100010001000101
1110111110111111101111101111101011101011101111111011101011110011111011101
1010001000000000000000001000101010001000000010000010100010000010000000101
1011101110111110111110100010101010111010101010111110101110111111111110101
1000100010100000001000001010001000101010001000000000100000100000000010001
1011111011101111101110111011111111101010111110111110101110101101111011101
1000001000101000100000100010000000100010000010000010001010101000001010001
1011101110101010111110101111111110101111101010111011111010101011101011101
1000100010101000001000100000000010000000001010001000001000100010001000101
1110111010101110111011111110111011111011011011101111101111111010111110111
1010001010100010001000000010101000001010001000100010101000001000000000001
1011100010111010101111111010101111101010101010111010101010111011111110101
1000001010000000100000000010000000101010101000101010100010000010000010101
1011111011111110111111111111001011101010101010101010111111111110101011101
1010000010001000100010000000001000001010100010101010001000100000101000101
1010111110101011101011111110111011111110111010101011101010100111101100101
1010000000100010001000000010100010000010001000001000101010100000100000001
1011111111111110111111111010101010111011101011111110101010111010111111101
1000000000100000001010001010001010100010001000100000001010001010000010001
1111101110111111101010101011101000101110111110101111111011101111111010111
1000000010000010001010100010001000000000100010001000000010000010000010101
1011111011111010111000111111101111111111111011111011111111111000111110101
1000001000001010100000100000100000100000001000001000000000101010101000101
1011101110111010111110111010111110111110101011101111111100101010101011101
1000101010100010000010000010100000000000100010001000001000101000100010001
1110101010101110111011111110111011111111101111011011101011101111101110111
1000101000101010001000100010001000100010001000001000101010000000001000001
1011101111101011101110101111101001101011100010101010101010011111111111101
1010100010001000001000100000001000001000101000101010100010000010000000001
1010111010111111111011101111111011111110111110101110111111111010111110001
1000001000000000000010000000000010000000000000100000100000000000100000000
1111111111111111111111111111111111111111111111111111111111111111111111111
