1111111111111111111111111111111111111111111111111111111111111111111111111
0000001000001000001000000010000010000010001000100000100010000000101000001
1111101010111011101011101011100110101010101011101110101010101110101011101
1000000010001010100000101000100010101000100010001000001000101010100010001
1011111111101010111111101110111010101111111110111011101111101010111110101
1010001000100010000000001000001000100000000000101000000010001010000010101
1010101010101110100011111011101011111110111111101111111110111011111010101
1000100010100000101010000000101000000000000000001000000000100000000010101
1111111110110110111010111011101111111111101111111011111111101111111110101
1000001010000010100010101000101000000000001000000000000010001000001000101
1110100011111011101110101110101011111111101011111110101010111011101011101
1000101000000010001000000010100010000000100010001000100010000010001010101
1001101110101010111011111110111111101110111110101011101111111110111010101
1000100000101010100010000000000000100010000000101010001000000000100010101
1110111111111010111010110111111110111011101111101110111011011111101110101
1000100000000010000010100010000010000010000000001000100010001000000010001
1011101111111010101110101011100011101011101111101010001111101010011010111
1000100000100000101000101010001010001000101000100010100000100010001010101
1010111110101111101011101010111010101100101010111111111110111110101010101
1010001000101000101010001000101010100000101000000000000000100000101010001
1011101011111010101010111111101010111111101011110111111111101111101011111
1000100000000010001010001010000010000000101000100000000000001000101000001
1110111010111111111011101010111110111011101110111010111110111010101111101
1010000010100000100010001000100000101010001010100010001000100010100000001
1011111010101010101110111011111011101010111010101111101011101110111011111
1000101000101010001000100000000010000010100010101000001000100010001010001
1010101111111011111010111101111011111110101010101010111110111011101110101
1010000010000010100010001000000010000000001010001000000010100000100000001
1011001110101110101110101111111110111111111111111111011010101011111111101
1010001000101000001000100000000000100010001000000010000010001000000000001
1010111011101011111010111111011111111010101011011010111110101011111111101
1010000010101010000010100000000000000010101000001000100010001000100010001
1011101110101010111110111111111011111010101111101111111010111110101110111
1010001000101000100010100000000010100010100010001000001000001000100010101
1010111010100011101010101111111110101110101110111110101111111011111010101
1010001010101010001010001000100000001000101000100000101000001000100010001
1011101110101110111011101010101011111010100010101010101011101010101011101
1000100000100000100010101000101000001000101000101000101010001010101010001
1011100001110011101110001010101011101011101110101111101010111010101110111
1000001000000000100010100010101010100010000010101000100010001010100010001
1011111011101110111000101010101010111110111110101010111111101110101011101
1010001000100010001010001010101010000000100000001010000000100000101000101
1010101110101011111010111010101011100011101011111010111110111111101110101
1000100010100010000010001010101000101010001000000000100010001000100010101
1111111011101110111111101010111110101010101111111110101011101011101110101
1000001000100010000010001010000000101000100000100000101000101010001000101
1110101110111011111011101011111111101111101111101111101111101010111011101
1000100010000000001000101000100000000000001000101010000000001000001000001
1011111011111011111010101110101111111110101010001010101110111011111110101
1010001000100010001000100010101000100000101010001000100010001010001000101
1010111110101110101011111010111010101111101010111111101011101110101011101
1010000010101010101000001010100010001000101000000000101010000000100010001
1010101110101000101111101010101111111010101111111010101011111110111110111
1010100010100010101000001000100010000010101000001010001000000010000000101
1011111010111010101011101011111010111110101011101111101111110010101011101
1010001000001010100010001000001000101000101010101000100010000010100000101
1010101111111010101011111111101001101011101010101010111110111110111110101
1010100000000010000000000010001000001000101010100010100000100010100010101
1010101011111111110111111010111111101110111010111110101111101010101010101
1010100000100010000000001010100010000010100010000010001010001000101010101
1010111000101011111110111010101110111110101110111011111010111111100010101
1000100010001000000000100010100000100000100010100000100000101000001010001
1011101111111110101110101010101111101110111000101110101111101010111011101
1000001000000010101000100010100010001010001010100010100010000010100000001
1111111110111110001011101010110110111011101011111011111011111110111110101
1000000010100010101010101010000000100000001000001000000000001000100010101
1110111010101010101010101011111111101111101111101011111111101010101011101
1000100000101000101010101000000010001000101000001000100000100010101000101
1011111111101010101010101111111110101010101011111011101110111110101110101
1000001000101010101000100000000000101010001000100010001010001000101010001
1011101010101010101110101011111111101011111110111110101011101111101011111
1000100010000000001000100000000000100000000010000000000000100000000000000
1111111111111111111111111111111111111111111111111111111111111111111111111
