1111111111111111111111111111111111111111111111111111111111111111111111111
0000100000001000001000100000000000100000000000000000001000000000001000101
1110110110101011111010101111101111101111111111101110101110111111101010101
1010000000101000000010001000100000000000001000100010100000100010100010001
1011111011101111111011111010111101101111111010111110111111101010111111101
1000000010000000001000001010001000100000000010000000100000001000001000101
1011101010111011101111111011101010111011111111111111101110111111111010101
1000001010100000100000000000100010100010000000000000001000100000000010001
1010111010101110111111111110111110101110111111111110111011101111111011111
1010000010101000100000000000000010000000100000101000100000101000001000001
1011111010101011111111101111111011111010111010101010101111101010111010111
1000101000101010000000001000100000001010000010001000101000001010100010001
1110101111111010111111111110101111111010111111101110111011111011101011101
1010001000000010001000000000100010000010001010000010100010000010001010001
1011101011111111101010101110111010111111101010111110101111101010111010101
1000001010000010001000001000101010100000001000101000100000101000100000001
1011111010111010111011101010101010101101111011101011111110111110101110101
1010001010000010100010100010001000001000000010001000100010000010100010001
1010001010101010101110111011101011111011111111001110101011111010111010101
1000100000101000100000001000101010000010001000000010001000001010000010101
1111111110101111111101111010111010111110101110111011111011111010111110101
1000001000100000000000001010001010100000100000100010001010000010100010101
1111101011111111111111101111101010111011111010100110101010111111101010101
1000001010001000000000000000100010000010000000100010101000100000001000101
1011101010111011111111101010111111011110111011111010111111111110101111111
1000101010001000001010001010000000000000101010000010001000000010000010001
1110101011101111101010111011111010101111101010111111101011101011111010101
1000001000100010001000100010001000100010000010001000100000001000000000001
1011101110101110111111101110101111111011111111101010111110111110111110101
1010000010001000100000101000101000001010000000000010000010001010100000101
1010111111101011101110101011101010101010111011111111111010101010001111101
1010000000001000000010100010001010101000100010000000100010001000100000101
1010111111111111111110111110111110111111101010111011101110111011110110101
1000100000001000001000100010000010000000100010001010001000100000000010101
1011111111101011101010101011111011111110111011101010111011101111111010101
1000001000101000100010000000001000100010001000001010001000000000001000101
1111101010101110111111111111111110101011101111111011101110111111101111101
1000100010000010100000001000000010101000001000100010100010000000100010001
1010111111111010101111101010111010101111100010101010111011111110111010011
1010000010000010001000100000001000100010101010101000101010001010000010001
1010111110111111111010111111101101101000101010101110101010101011111011101
1010001000100010001000100000100000000010101010001000101010100000001000101
1011101011101010001010101110111111111110101011111010101010111110101011101
1000100010001010100010101010000010100000001010001000101010000000100010001
1110111111101010111110101011101010101011111010111110101011101011101110101
1010100000001010000000101000001010000010000010100000101000101000001000101
1010111011111010101111101011101011101110111110101111101110111011111011101
1010001000101010100000101000101000101000100000000000100010001000001010001
1011101010101010111111101010101010111011101111111110101011101111101011111
1000101010101000100000001010101010100010001000100000001000101000101000001
1010101110101110101111111110101010101111101010111111111111101010101111101
1010100000100000100000000000100010001000100010000000001000100010101010001
1011111011111111101011101111111111101010111011111111101010111110101010111
1010000010000000000000000000000000101010001000100000001010000010100000001
1010111110111111111011111111111110001011101110101111101011101010111111101
1000101000100000001010001000000010001000100000101000101000101000001000001
1011101010101011011011101011111011101110110110101011101110101111101011101
1000101010001010000010001000001000100010100000101000001000100000100010101
1110101011101010111110111010101110100010111010101110111011111110111110101
1010001000101010100000100010100010001000100010100000001010000010000000101
1010101110101010101111101110111011111111101110111011111010110011111110101
1000100010101010001000101000001000000000001000001000001000100010000000101
1010101010101011001010001111101110111011111111111111101111101110101011101
1010001000101000001010001000100010100010001000000000000000101000001000001
1010101110101111111011111010111010111010001010111111111110101011101011111
1010101000100010000010001010100010001010100010100000100000101000101000001
1010111011111000111110101010111111101010111111101110101111101110111111001
1010001010000010100000100010000010001010000000101010101000101010001000001
1010101010111110111010111111111010101111111110101010111010101011101010111
1010101010100010001000100000100010000000000010100010000010100000100010001
1011101011101011101110101110101111111011111010111011111110101110111111101
1000001000000000000000100010000000000010000010000000000010000000000000000
1111111111111111111111111111111111111111111111111111111111111111111111111
