1111111111111111111111111111111111111111111111111111111111111111111111111
0000000010000000001000000000001000100000001000000000001000000000100000001
1111111010111011101011111111101110101011101010111111101011101110101111101
1010000010000000100010000000100010100010000010100000100010001010001000101
1010111111111110111110111011111010101011111110101011111110101010111011101
1010100000100010000010100010000010001000100000101000000000100010000010001
1010111010101011111010101010111111101110101111101111111011111010101110111
1010000010001000000010100010000000101000101000000010001010001010100010001
1011111111111111111110111011111110101011101111111010101010101011111011101
1000001000001000000000100010000010101000001000100010100010100010000010101
1000101010111011111110111110111010111110111010111110111110111110111010101
1010100010001010000010000000100010000010000010100000100000100000100010101
1010101011101011101010111111101011111011111110101111101011111011101110101
1010101010001000001010001000001010100010000000001000100000001000100000101
1010111010101111011010111011111010101111101011111010101111101110101111101
1010001010101000000010001010100010100000101000001010001000001000100000001
1110101010111010111110101010100110111110100011101111101011101011111011101
1000001010100010000010001010000000000010101010100000100000000010000010001
1011111010101110111010001011111111011010111010111110111111111010111110011
1000100010001000101010101000100000001010000000000010000000001010001010001
1110101111111011101011101110101011111011111110111011111111101011101011101
1000100010000010001000000010100000001000100000101010000010001010001000101
1011111010101111101111111010111111101110101111101010111000111010111011101
1000100010100000100000000010001000100010001010000010100010000000101000001
1010101010101110111101111110101010101011111010111110101111111110101011111
1010000010000000000000100010100010101000000010100000100010000000001010001
1010101011111011111010101011111110101111111010101111111010111011101010101
1010001010000010001010101000000010100010000010101000100010101000101000101
1110101011111110101110100010111010101011101010101011101010101110101111101
1000101010000010100000101000100010001000101000100010001010001000100010001
1011111010111010111110101111101011101110101111101010111111101010111110111
1000001000101000100010101000101000001010000010000010100010001010000000101
1011101111101111100010101011101110111011111010111010101010111011111111101
1010100000100000001010101000000000100000100010001010001010001000000010001
1010101011101010111110101111111111111110101110101111111011101110111110101
1000100000001000000010100010001000000010100010100010000000100010000000101
1110111110111010101010111010101011111010111010110010101111111000111111101
1010001000001010101010101010100010001010000000100010101000001010101000001
1011101110111010101010100010111110001011111111101110101011101010101001101
1000101000100010101000101000100000101000000010101000001010000010001000101
1110101010101111101111101111111011101111111010101011101010111111111110111
1000100010100000101000100000100010001000001010101010001010000000100010001
1010111110111110101010101000101110111011101010101010111010111110101011101
1010100010001010001010101010001010001000100010101010100010001010001000101
1011101011101011111010101011111011101110101010101110101111101011111110101
1000101000101000001010001010000000001000100010100010100000101000001000101
1110101110101010101111111010111111111011111110111010111110101010100010101
1000101010001010001000000010001000001010000010001010100010001010001010001
1010101011111010011011111111101010111010101010111010101011011011111011101
1010101000100010000010000000001010100010101000100010101000000010000010001
1011101010111011111111011010111010101110101110101110101111101110111010111
1000100010000010000000000010100010100010100010101000101000100010100000001
1010110111111110101111011110101011110010111011101011101110111010101111101
1010000000100000101000000000101000100010001000001000100010001000101000001
1111111000111011101011011111111110101011101111101110101011101111111011101
1000000010100010001010000010000000101000101000100000001010000000000010001
1011111010101110111010110010111110101010100010111111111010111110101011111
1000001000101010101000100010100010101010101000000010000010100010001010001
1011101011101010101111101110101010101010101011111010111110101011101110101
1010001000001000001000101000001010100010000000001000100010001010001000101
1010111011111111101011101111011010101111111110101111111010111011101011101
1010001000000000101000101000000010100000000000100010001000001000101000101
1010101110111110101110101011111110111111111010111010101011111110101011101
1010001000100000100000101000100000101000000010001000101010100000101010001
1110101010101010111111101010101111101011101011011111101010101111111010101
1000101010101010100000001010101010001000101000000000101000100010000010101
1011111010101010101111111010101010101110101011101110101111111010111110111
1000000010001010101000100010100000100010101000100010100000100010100010001
1011111111101010101110101110001110111000101110111010111110101110101011001
1000001000101010000010001000100010001010100010100010000010100000101010001
1111101010111010111011111011111011111010111110101111111110111111101010101
1000000010000010000000000010000000000010000000100000000000000000000000100
1111111111111111111111111111111111111111111111111111111111111111111111111
