1111111111111111111111111111111111111111111111111111111111111111111111111
0000100000000000001000001000000000100000001000000010001000000000100000001
1110111011111111101110101111111010101110101110111010101011111011101111101
1010001000001000100000100000000010101000100000101010101000001000000010001
1011100011101010111111101111111110100011111111101010101010111101111010001
1000001000101010100000001000001000001000001000001000100010100000001010101
1010111110101010001111111011101011111111101111101111111011101111101010101
1010000000100010000000001000100000000000001000100000001000001000001010101
1011101011111111111110111011101110111111101010101111111111111011111010101
1000101010000010000010100010001000001000000010000000000000100010001000101
1110101110111010111011101110111010111010111111101011111110101110101011101
1000100010001000101000101010101000000010000010001000100010001000101010001
1011101011101110101110101010101011111111111011111110101111111011101110101
1010101000000010000010001010100000000000001010000000100000000010101000101
1010101010111010101011111010101101111010101010011110101111011010101011101
1010101010101010101000000010101000001000101000001000001000001010001000001
1010101010101011101111111010111011101111111111101110111011101011101111101
1010001010001000100010000010000000000000000010000010101000101000100000001
1010111011101110101010111111101111101011111011111010101110001110111110101
1010100010000010101000001000100010001010001000101010001000101000100000101
1011101110111010111111101010111110101010101110101011111011101011101011101
1010001000000010100000001010001000101010101000101010000010100010101000101
1010111110111110101101101011101011101110101011101010101110110110101010101
1010100010100000101000001010001010000010101000101010100000000000001010101
1010101010101111101111101010111011101010001110101010111111101111111010101
1010001010100000101000101010001000001000100000100010000000100000001010101
1010111010111110101010111011101110101011111010001111101110111111101010101
1010001010100010101010000010000010100000001000100000100010100010001010101
1010101011101010101011111111111010111111101011111110111110101110111010101
1000101000001010001000000000000010000000100010000010000000101000100010001
1111101011111011101101111110101111111110101110111011111111101011111011101
1000101000001000001000100010100000100010100000001000101000001000000000001
1011101010101110111010111010111110111010110111111110101010111111111111101
1000100010100010000010000010000010001010100010100000101010000000000000101
1000111010101011111011111111111011101010101010101111101010111011111111101
1010000010101000000010000000001000101000001000100010001010001010000000001
1011111111101111101010111111101010001011111110111010101010101010111111111
1000100010001000101010001000101010100000000010100010101010101010000010001
1110101010011110101011101110101010111111111010101110111010100011110010101
1000101010000010001010001000101010001000100010100010100010001000000000101
1011101011101011101110111010101111101010101110101010100110101111111111101
1000101000101000100010001000100000001010101000101010000010100010001000001
1110101110111110111011101010111111111011101010101011111010101110101110111
1000100010000010101000001010001000000010001000001010001000101000100010101
1011101011111010101111111011111010111000111011101010101011101011111010101
1000001000101000100000001000000010001010100000101000101000001010000010001
1110111110101111101111001111111111101010110110101011101111111011101011111
1010000000100010000010001000000010001010000000001000100000001000100000001
1011111111101010111010111011101010111011111111101110111111101110101110101
1000100000101000001010001010001000101000100000100010100010000010100000101
1011101010101111111011101011101111101110101110111010101010111010111110101
1000001010101000000010000000001010000010101000001010101010001010100000101
1001101011101011111110111110101010111010101110101010101011101110101011101
1000001000001010000000000000100010101000001000101010101000100000001010001
1111101111111000111110111111111010101111111010111010101110111111111110111
1000101000000010001010001000100010100010000010100010101010100010000010001
1011101011111111101011101010111110101110111110101110101010101010111011101
1000101010000000101000100010000000001000100010001000101000101010101000101
1110101011101011101110111111111111111011111010111110101011111010101110101
1000101000101010001000100000101000001010000000000010001000100010100010001
1011101110101010111010101110101011101010111111111010111110101110101111101
1010001000101000000010001000001010100010100000001010000000100010100000101
1010111011101111111111111111111010111110111010111011111011111010111000101
1000100010001010000010000000001000100000001010001000001000001010001000001
1011101111101010111010111111101110101111101011101110101111001010101010111
1010100000101010001000100000100000100000101000100000101000000010001010001
1010111110101011101111111011111111111110101110111110101011111110111010111
1010000010100000100000001000001000001000101010001010001000001000000010001
1010111010111110101100101110101110100011101011101011111111111011101110101
1000100010100010100000101000100010101010001000100000100010000010100010101
1011101010101011101010101011111010001110111011111110101010111110111011101
1000001010001000000010000010000000100000100000000000001000100000000000000
1111111111111111111111111111111111111111111111111111111111111111111111111
