1111111111111111111111111111111111111111111111111111111111111111111111111
0000000010000000001000001000100000001000001000000000001000000010000000001
1110011011111110101000101010101011101011101011111110101110111010111110101
1000001000100000101010101010101000100010101010000010100010101010001000101
1110101110101111111010111010101110111110101010111010101000101011101011101
1000101000100000000010000010000010100010001010001000101010101010101010101
1011111011111011111011111111111110101110111011101111101010001010101000101
1000001000001010001000000000001000100000100010000000001010100010001010001
1011101111101110101110111101111011101111101110111011111010101010111010111
1000100010100000101000100000001010001000101000100000001000100010100010101
1101101010111111101011101111101010111011101011101111101111101111101110101
1000001000100000101010001000101010100000001010001000100000101000001010101
1011111110101110101110111110101010101111111010111010111110101110111010101
1000000010001010100000000000100010100010100010000010100010100000100010001
1011111011111010111111111010111110111010101011111110111010111111100011101
1010000010000000001000100010000010000000101000100010001010000000101000101
1010111011111110101010101111111010111111101010101011101010111110101011101
1000001010000010100010101000000010001000001000001010001000001000001010001
1111101110111010111110101111111110101011111011111010111011101111111110111
1000001000001010000000100010000000101010001010001000100000100010000000101
1001111011111010111101111010111110001010111011101111111110111010111111101
1000000000100010100000000010100010100010001000100000000010000010100000001
1011111111101110111010101110101010110110101110101110001011101010100111111
1010000000001010000010100010101010100010100010100000101010001000100000001
1010111111011011111110101010100010101010100010101011101010111111101111101
1010100000001000001000101000001010100010101010101000101010000000001000001
1010101011101110111011101111111110101010101010101110101000111011111011101
1010001010001000100010001000001000101000101010001010001010101000100010101
1011111010111011101110111011101011101111101010111011111010101010101110101
1000100010001010000010101000100010001000101010000000001010001010100010101
1110101111101010111110101110111110111010101110111111101011111010111010101
1010100000101000100000100010000000001010001000100010100010001010100010101
1010111010101111101111111011110111111010111011101010111110101010100110101
1010000010100000100000100000100010100010001000001010000000101010100010001
1011111110111110111100101110101010101110101111111010111111101010111010111
1000000010001010001000100000001000101000100000001000001000101010000000101
1011111011101011101011110011111111101011111111101011101011101011101110001
1000001000101000000010000010001000000000100010101010001000100010000010001
1110111010101010111010101110101010111110101010101010111010111110101111101
1000100010100010001010100000100010100010001000101010100010000010100000001
1011101111111011101011101010111111101011111010101000111110111000111101111
1010001000001000101000101000000000000000000000101010000010101000100000001
1110101011101110101110101111111111111111111111101011101010101111111011101
1000101000100010100000101000000000100010000010001000101010100010000010101
1011111011101110111111101010111110101010111110101110101010101010111110101
1000000000001000100000000000100010001000100000101000101010101010101000001
1010101110101001111111111110111011111110101100111011111010101010101011111
1010001000101000000000000000100000000010101000000010000010001000100010001
1011111010101111111111111111101111101110100011101110101111111111101110111
1000100010101000100000100000100010001000101000101000101000000010000010001
1111101110101010111010101110101011111010101101101011111011111011111011101
1000001000000010100010001010101000001000100000001000000010001000001000101
1011101111111110101111101010111111101110111111111011111110101101101110101
1000000000000000001000000000001000100010100000001000001010100000001010001
1111111111111011111010111111101000101010111011101111101010111111111011101
1000001000100010000000100000100010001010001010001000101010100000100010001
1011101010001110111110101110111111111011101011101011101010101110101110111
1010000010001000100010100010000010000010101000101000000010101010100010101
1011111111111011101011101111111010111110101010101011101110101010101010101
1000000010000010001000101000000010000010100010101000100000101010101000001
1011111011111110101110101011111111111010101110101011101110101010101111101
1000001000000010100010101000000000100000100000101010001000100010000000101
1011101111111010101010101111111110101111111110101110111111111011111110001
1000100010001010001010100000001000101000000000100010100010000000000010101
1110111010101011111010111011111011111011111110111010101010011101111110101
1000001000101010000010000010000010000010000010001010001000001000100000101
1011111111101010111111111110111110111110111011101010111111111010101111101
1010000000001000100000001000100010000010001010001010000000001010001010001
1010101111111111111110100010101011111010101010101011101111101011111010111
1010100010000000001000101010001000001000100000101000101000100010000010001
1010101010001111101011101010111111101110101010111110101010111110101111101
1000001000001000000010001000000000100000001010000000001010000000100000000
1111111111111111111111111111111111111111111111111111111111111111111111111
