1111111111111111111111111111111111111111111111111111111111111111111111111
0010000010001000000000100000000000000000000000100000100000001000000000001
1010111010101111101010111010111111111111101110001110101100101110101010001
1000101000100000101010100010100000000000100010101010101000100010101010101
1111101111111110111010101111101111111110101011101010100011111010101011101
1000000000001000100010100000100010000010101000001010001010100010101000101
1011101111101011101110101110111010111010101111111011111010101110101110101
1010001000101000001000100010000010001010001000000000001010000010100010001
1010111110101111111011111111101010100011111010111011101010111011111011101
1010000010101000100010000000101000100000001000001000101000101000000010101
1011111010001011101110111110101010111111101111101110101110101111111110101
1000001010001000100010001000100010100000100000001000100000100010000000001
1110111010111010111010101010111011101110111111111110101011101010111110111
1000100010001010100010101010000010001000000000000010001010001010000000001
1011101111101010101111101011111010111111111111111011101011111011111010101
1010001000101010101000001010001010000000100000101000101000100000101010101
1010101000101010101011111010101110111110101010001110101110101010101011101
1010101010101010101000001000100010001000100010001000101000000010001010001
1010101010101110101011101111111000111011101011101011101011111011101010101
1010100000101000101010001010000010100010001000000010001000001000001010101
1010101110101011101010111010111111101110101101110110001111101011101010111
1010100010101000101010001010100000001000101000000010000010001010100010001
1010111110101110101011101010101111111011101011001111111010111010111110101
1010000010000000101010001000001000000010001010001000001010001000001000101
1011110010111111101010111111111111101010111010111011101011101111101111101
1000100010001000001010000000001000001010100000100010001010100000100000101
1010001111111011111011111111101011111010111010101110111010111110101110101
1000100010000010000000001000001010001010001010001010100010000010001000101
1001111010111110101111111011111010101111101011111010101111111011101011101
1000001000100010001000001000100000100000001010000010101000100000101000101
1111101111111010111011101100101111111010111010101110101010101111101110101
1000101000000010100010000000101000100000000000101000100010100010001000001
1010101110101010101111111111101110101110101111101011111110111010111111111
1010100010100010101000001000001000100000100000101000000010001010100000001
1110111011111010101011101111101011111111111010111111111011101010101111101
1000100010001010100010001000101000000000000010001000001000000010001000101
1010101110101010111110111010101101101111111111101011101111111111111010101
1010100000001010100010000010101000100000000010001000100010000000100010101
1011111111101010111011111110101010111101110010111010111010111110101010101
1010001000001010000010001000101010100000100010100010001000100010100010001
1010101011111011001110101011101010101110101110101111101111101010101011101
1000101000100010001000100010101010101010100010100000100010001000101000101
1111101110111010111011111110101010101010111010110011110010101111111010111
1000001010100010100010000000001010101010000010100010000010100000001010001
1011101010101110101111101111111010101011111010111010111110111110101111101
1010000010100000100000100010000010001000000000100000101000100000100000001
1010111110111011111110111011101111111010101111101111101011101111110111101
1010100010001000001000101000001000000010001000001010000010001000000000101
1010101011101111101011101111111011111111011010101010111111101011111010101
1000001000101010001010000000001000001000000010000010000000001010001010101
1011111011101010111010111110111111101111101011110011111111111010101011101
1000101010001000100010100010100000101000101000100000001000001010100010001
1110101010101011101111101010101011101010111010101111101010111010111010111
1010101000100010001000001010101000100010000000100000100010100010100010101
1010101111101110111011111010101110111111101111111100111011101010111010001
1010000010000010000010001010001010000000100010000000100010001010001010101
1011111010111011111110101010111011111010101010101110111110111011101010101
1000100010000010001000101010000000000010001000101000100000100000101010001
1110101111111010101110101011011010011111101011101110101111101111101111101
1000100010000000100010101010000010001000001000101000100010001000100000101
1011111010111111111011101011111010101011111010101010111010101010111110101
1000000010100000001000001010001000100010000010101010000010100010000000001
1011111111101110101111111010101111111110111110101011111111111111101011111
1010000000001010001000001010100010000000100000101000100000001000001010001
1010111011111010111011101010111010111110111110101110101110101011111011101
1010001000001000000000100010001010000010100000000010100010100010001000101
1011101111101110111110111110101011111011101011111010111110111110101110101
1010001000100010100010100010101010001010001000100010000000100000100010101
1010111010101000101010101010101010101010111110101011111010101110101010101
1010001010000010001000101010101000100010100010001010000000001000101010001
1011111011111111111111101110101111111110101011111010111011001011101110101
1000000010000000000000000000100000000000000000001000001000000000100000000
1111111111111111111111111111111111111111111111111111111111111111111111111
