1111111111111111111111111111111111111111111111111111111111111111111111111
0010001000000000000000100000000000101000000000000000000000100000001000001
1010101111111011011110111110111110101011111011101111111110101111101011101
1000100000001010001000100000100010101000101000101000100000100010101000101
1111111111101011101011101011101010101110101110111010101111111010101111101
1000000010001000100010001010001010001010001010000010100000000010100000001
1011111010111010111010111010111011101011101011111110111011111110111111101
1000100010100010001010001010001000100010100010001010100000000010000010001
1110101110111111101011101111101110111010111010101010111010111010101110111
1000100010000000001000100000000010100000001000100010001010001010100000001
1011111011111111111110101111111110101111101111111011101111101011111111111
1000001010100000001000100000100000101000101000000010001000001000001000001
1011101010101111101011110110101111101010100011111110011011111111101001101
1010101000101000100010000010101000001010001000100010001000000000101000101
1010101101101010111110111110101110111011101110001011101110111111101011101
1010100000100010001010000000000010100000101000101000100000100000101010001
1010111110111111101010111111111010111110101011101111111111101110101010111
1000001000000010001010001000001010100010101010001000100000100010100010001
1111101011111110111011101010111010101010111011101010101010111010111110101
1000101010000000101000001010100010001000100010001010001010100010000010101
1010101010110111101011111011101111111110101110111010111010101111111000001
1010001000100000100000000000100000001000100010000000100010100000001010101
1011111111101010101110101110111101101111111010111111101011111010001011101
1010000010001010100000100000001000101000000010100010001010001010101000001
1010111010101010101011101111101010101011111111100010111010101011101010101
1010001000101000101010001000100010100010100000001010100010100010001010101
1011101110101111101110111010111110111110101011111010111110111110111010111
1010001000100000100000100010000010001000101000000000100000100000001010001
1010111011101110111111101111011011001010101011111111101111101110100011101
1010000010000010000000101000001000001010001000001000001000100000100000001
1010111110111010101110101011101111111011101110101011111010101111111111101
1010100000100000100010000000000010100000001000001000000000101000001000001
1011101011101110101011111111110010101010111011101011111011101010101110111
1000001000100010101000100000100010001010001000101010001000001010100010101
1010111011111011101110101110101110111000111110111000101010111010111010101
1010100010001000001010100010000010101000100000100010101010000010001010001
1010101110101111011010111111111010101111101111101110101110111110101011111
1000001000100000000010100000100010001000101000001000100000100000001010001
1111100010101011101010101110101111111010101011101011101111111110101010101
1000100010001010001010000000100000100010101010001010001000000000101000101
1010101110111010111011111011111010001110101011101010101110101101111101101
1010101000000010001010000010000000100010001000101000100000101000000000001
1010101011101111101010111110111111101011101110101111111111101011111111101
1010101000001000001010100010100000000010000010100000000010001000000010001
1010001010111011101110101110101111111010111110111111111010111101111010111
1010001010101010001000100000101000000010001000100010001010100000001010101
1010111010101011011011101110101011111111101011101010101110101111111010101
1000100010001010000010100000101010100000101000001000100000100010000010001
1011101011101010110110111110111010101110101111011111111111111010101110101
1010001000101000100010000010001010001010001000001000100000000010001000001
1110111110001111101010101111101010111011111010111010101110111111101011111
1000100000101000001000101000100000000000100010100010000010000000101000001
1011101110101111111111101010101111011110101111101111111111111110101111101
1010000000100010000000100010000010000010101000001000000000100000100010001
1010111111111010111110101111101110111010101011111011111110101110111010111
1000000000001000100010101000100010101000101010000010000010101000100010001
1011111111101111101010101100111010101111101010111110111110101011101111101
1010001010001000001010001000000000100000000010100000000000001010001000101
1010101010111011111010101011101111111111111110101111111011111010111010101
1010101010000000000010100010100000000010000000100000001000001010100010001
1010101011111010111010111110111111111010101111111111101011101110111110111
1000100000100000100010001000100000000000101000000000100010000000100010101
1111111011101111101111101011101111111110101011111011100011111011101010101
1000100010001000100000101000100010000000100010001000001000000010001010001
1010111110111010111110101110101110111110101111101111111110111110111011101
1010000000100010100000100010001000100010100000000000100000001000100010001
1011111101101111101110111011111011100010111111111110101011101011101110111
1010000000101000000010001000000010001010100000100000001000100000101010101
1010111110101011111110101111111110111010101110101110111011111011101010101
1000100010100000100000100010000010001010001000100000100010001010001000101
1011101010111111101111101110111010101111111011111111101010101110111011101
1000001010000000000000100000001000100000000000000000001000100000100000000
1111111111111111111111111111111111111111111111111111111111111111111111111
