1111111111111111111111111111111111111111111111111111111111111111111111111
0000000010100000001000100000000000100000100000000010000000100000001000001
1111111010101110101010101111111110101111101011110110111010111011101011101
1000100010001000100010001000000010100000001000000000100010001000100010101
1010101111111011111111111010111110101111111111111011101111101110111110101
1010100000001000100000001010001000100000000010001000100010000010001000001
1110111111101110111110101011101011111111111010101110111011111011101011111
1000000010100010000010101000101000100000001010101000001000100000101000001
1011110010111011111010101110101110101111101110101011111010111110001110101
1010000000001000000010100010100010101000001000101000001000000010000000001
1011111111101111110110111010111010101110101011101011101011111011111010101
1010001000101000000010000010001000101000100010100010101000001010001010101
1000101010111011101110101111101111101010111110111110101111111010101011101
1000101010001000100000100000100000001010100000100000100000001000101000001
1011101011101110111111111010111111111010101110101011111111101010101111101
1010001000100010000000001010100000000010001000101010000010001000101000101
1110111110001110111110111011101110111111111110101000111010111011101010111
1000100000101000000000100010001010000000100010001010001000100000100010001
1011101111101011101011101010101011111110101011111011101111111011111111101
1000001010001010001010001000100000000010001000100000100010001010001000101
1011111010111010111010111110111011111011111110111110111010101110101010101
1010000010000000101010000000100010001000100010000010001010000000101010001
1010101111101111101011111111101110101110101011111011111010111111101011101
1010101000100000001010000000100010101000101010001000100010001000100010001
1010111010101111101011111010101010101011101000101010101111101010111111101
1000100010100000101000001010000000101000001000100010001000100010000000101
1011101110111111101111101110111111101011111111111011111010101111111110111
1000001000100010000000100010000000101010000000000000000010100000100010001
1010111011101010111110111011111110101010111111101110111110111110100011101
1010101000101010100010000010000010101010001000100010001010000010001000001
1010101110101010101011111010101110101111101110111010101011111010111110111
1010100000101000101000100010100010100000100000001000101010001010100010001
1110001111101110101110101111111010111010111111101111101010100011101011101
1000100000001010101000101000000010101000001000001000101000100000000000101
1011111111111010101011101010111010101011101010101011101011111110111110001
1010001000000000101000101010100010100010100010100010001000000000100010001
1010101110101111101110101010111110101010111110101010101111011111101011111
1000100010000010101010001010000010101010000010100010000010000000101000001
1011111011111010101011111110111010101011101010111011111010101110001111101
1010001000001000100000100010001000001000101000001000001000100000101000001
1011101110101110111110101011111010111110101111111110111011101111101011011
1000101000001000100000101000000010100010100000000010000000101000001010001
1110101011111110101110101101111010101010111010111010101010001010111010101
1010000000000010100010001000000010101000100010001000101000100000001000001
1010101111111010111010111111111110101110110111101111101001111111111111101
1000100000001010000010001000000000101000100000001000001000000010000000001
1010101110101010111110101011111111101010101111111011111111111010111111101
1010000000100010000010101010000000101000101000000010000000100010001000001
1011111111101111111011101011101110101111101011111110111110101111101011111
1010001000100000001000100000100010100000001000000010000010100000001000101
1010101010111110111110101110101011111111111111111011111011101110111110101
1010101010000010100010000010101000000000000010001000001000000010000010001
1010101011111110101011111010111100111111111010111111101111111010011011101
1000100010000000101000101000001000100000001000100000101000100010001010001
1111111010111011101010101011101011101111101111101110101010111011111010111
1000100010100010001010001000101000101000001000101000100010001000000010101
1010101110101110111011111010101110101011111010101011101111101111111110101
1010101000101000001000100010100000101000000010001000101000001010000000001
1110101011111011101110101010111111101110111011111110111001111000101111101
1000000000000010000010001010000010001000000010000010000000100000100010001
1011101111111110111111101011111010111011101111101111101010111011101010111
1000001000100000100000101000100010001010000000100010001010001000101010001
1001101010111010101110101110101011101110111110101010111011101010101011101
1000000010001000101000100010101000001000100010101010100000100000001010101
1111111111101010101011101110101010101011101010101010111111111111111010001
1010000000101010101000000000101010000000001010101010100000000000100010101
1010101011101110101111111111101011111111111010101010101111111110101110101
1000101010001000100000001000101000000000000010101000101000000010100010101
1011101110111010111101101010101111111111111010101111101010111110101010101
1010100010001010001000001000100010001000000010101000001010000000101010101
1010111011101010101011111010111010101111111110101011111011111111111010101
1000001000000010001000000010000000100000000000100010000000000000000010000
1111111111111111111111111111111111111111111111111111111111111111111111111
