1111111111111111111111111111111111111111111111111111111111111111111111111
0000001000001000000000101000000000001000000000000000000010000010100000001
1111101000101011111110101010111110101111111111111111101110101010101011111
1000001010101000000010100010000000000000100000001000100000101010001000001
1011111110101111111010101111111110111110101111101010111111101010111110101
1000000000101000000010100000000000100010001000100010000000100010100000001
1101111010001011111110101111101111101011111011111110111110101011101111101
1000001000100010000010101000101000001000001000000000000010001000101000001
1111101111111110111010101010101011111111101011111111101111111110101110111
1000001000000000101010001010001000001000001000000000000000100000100010001
1011101011111111100010101011111110111011101110101110111110101011111011101
1000101000101000000010101000000010000010001010101010101000101000100010101
1010101110101011111010111111111010111110101010101010101010101010101110101
1010101000100010001010100010000010000010001010001000101010100010100010101
1010101011101110101110101010111111101011101011111011101010111110111010001
1010101010001000100010001000100000001000100000001000001010001000001010101
1010101011111011111011111111111011101110101111111011111011101010101010101
1010101000001000100000100010000010100000101000000010000010001000100010001
1110101011101110101110101010111110101011111011101110101110111010111110111
1000101000100000101000001000101000001000000000100000100010000010001000101
1011101011111111101011111111101011111011111110100111101011111111101011101
1000101010000000100010000010001010001010001000100010001000100000101000001
1010001110111110111010111010111010111010101011111010101110101011101111101
1010000000100010000000100000100010000010101000001010100010001010001010001
1110111011111011101111101110101111101110101111111011111011111010111010111
1000100010001000001000001000001000101010100010000010000010001010001010101
1011111110001110111011111011111010101010111010111110111110101111101010101
1010000010100010100010000010000010100010001000100010000000100010000010001
1010101010111010101110101111101110101111101010101011111111111010111111101
1000101000001010001000101000001010100000001000101010000000000010100000001
1011101111111010101110101000111000101111111111101010101111101010101111111
1000001000000010001000101010100000100010000000001000101000100010101000001
1011111011111111101001101010101111111010111101111110111010110110101110101
1000000010001000001000001010101000000010000000100000000010000000100010101
1011111110101011101011101110101111101110111110111111101111111111111010111
1000000000100010100000100000100000001010001010000000001000101000100010001
1011111111111110111110111111111111011011101010101111111010101010101110101
1000100010000000100000100010000010000000100010000000000010101010001010101
1110101010110011101111101110111010111011111011111010111110101011111010101
1000001000100010001000001000100010101000001010000000101000001010001000101
1011111111111110111011101011101110101011101011101100101011111010101011101
1010100000001000100000100000100000001000001000101000000000000010100010001
1010101111101011111110111111101101111011101110111011101110111110101110111
1000101000101000001000001000101000100010001000100010000010000000000010001
1111101011101011101011111010101010101110111011101111111011111011111111101
1000101000101010001000100010100010100010100010000000001000000010000010001
1000101010101010101111101110111110111011101111111011001110101110110010111
1010001010001010101000001010100010001000001000001000001000101000100010001
1011111011111010111011111010001011101111111110101110101111101010111011101
1000101010000010001010000010100000100010000000100010101000101010001000101
1010101010101111101011111010101110111010111101111010111010101111001110101
1010100010000010001000100010001000100010100000101010100010000000001010001
1010101011111110101110101111101011101110101110101010101111111011111011101
1010100010000000101000100000101000100000101000000000100010001010001000101
1010111010101111101011111011101010101111101011111111111010101010101010101
1010001000001000101000001010001010001000001000000000000010100010101010001
1011101111101010001111101010111111101011111111111111111110101110101011111
1010100000101010100010001010000000101000100000000000001000001000001000001
1010111110111010111110111011111000101110111110111111101110100011101111101
1010000010000010000000100010001010100010000010000000100000101010100000001
1010111011111111111111101010101110101111111011111110111110101010111011011
1000001000100000100000001010000000101000100010000010001010101010000000001
1011101111101010101110111110101111111010001110111010101010101011101111101
1000100000001010001000100010101000100010100000101000001010001000001000001
1110111111111011111011101010111010101110111111101111111011111111111011111
1010001000001000101000101000100010100010000000001000100010000000001000101
1011101001101110101011101110100110111000111111101110101010111110101110101
1000001000100000100010001000100010001010000000100000101000100010000010101
1011101100111111101110111011111010111011111110111111101111101010101110101
1010000000101000100010001010001000001010000010001000101000101000101000101
1010111111101010101011101110101011101011101011101010101010101111111011101
1000100000000010000000100000100000100000001000100010000010100000000000000
1111111111111111111111111111111111111111111111111111111111111111111111111
