1111111111111111111111111111111111111111111111111111111111111111111111111
0000100010000000000000000000001000000000000000000000001010001000000000101
1110101011111010111111101111100011101111011110101110101010101011011010101
1010001000001010100000100000100010001010001000101000101000100000001010001
1011111111101110101110111110101110111000001011101011101111111110111011101
1000001000001000100010001000001000000000101010001000100010000010100010001
1010111011111011111011101011111011111111101011101110111010111010101110111
1010001010000010100010101000000010000000001000100010100010101010100010001
1011101011101110101110101111111110101111101110111110100110101010101011111
1010100010001000101000100000000010100010100010000010100000101010001000001
1010111110111010101000111011111010111010111011101010111111101011101111101
1000000010100010101010001000000010001010000010001010100000001000100000101
1111111010101111101110101011111011101010111110111010111110101110111011101
1000001000100000101000101010000000001010000000100010000010101000100010001
1111101111101110001011111010111111111011111111101111110010111011111110101
1000000010001000101000100010101000000010000000001000000010001000000000101
1011011010111010001110101010101010101010111011111011111110101111111111101
1000000010100010100000101010101010101010100000000010001000100000100010001
1111101010110010111110101110101010101010101111111110111010111011101010111
1000001010100010000000101000101010001000001010001000001010001000001010001
1010111110101111111011101011101010111111111010101011101010101111111011101
1000100000100010001010000010001010100000001000101010101010100010000010001
1011101111111010101110111010100011101111101011101010101011111010101110111
1000001000000010100000100010101000000000100000101010100010000010101000101
1011111110100110111110101111101111110111111111101010101110111010111010101
1000100010100010000010100000000010100000000010001010100000100010001010001
1110101011111011111010111111111010101111111010111010101011111011101010111
1010101000000000100010001000000010100000101010100010000000001010100010001
1010101111101010101111101011111110111110101010101111111111001010111110101
1000001000101000101000101000100010000010101000100000100000000010000010001
1011111011101110101010101110101011111010101011111110101111111011101011101
1010000000100000100000000010001000000010100010001000100000001010001000101
1010111110111110111010101111101011111010111110101011101111101010111100101
1010100010001000100010101000000010001010000010100010101000101000101000101
1010101000101011100010111011101010101011111010111110101010101101101011101
1010101010101000000010000010001010100010000000100010001010001000000000101
1010111010111111101011111010111110111110111111101010111011111111111110101
1010100010000000001000000010000010100010000000001000001000100000000010001
1010101111111111101011111011100010101110111111101111111110101110101011101
1000101000100000101000100000000010000010001000100000100000101010001000101
1011101010101110111010111011111010101010101010111111101110100011111110101
1000100010101000001010001000001010001000100010000000001010100000100010001
1110111110101111101011101110111010101111101011111111111010111110111010101
1010000010100010001000100010100010101000101010000000100000100000000010101
1011111010111011101111111010101110001110101110111010101111111011101110001
1010000010001000100000001010001000100000100010100010001000000010001000101
1010111111101110111111101011101010111110111010101110111011111110111011111
1010101000001000100000001000101010100000001000100010000010000000100010001
1010101010111011101011101110111010101111111110111011101110111111101110101
1000100010100010001000100010001010000010000010100010001000100000100000101
1011110110101111111010111011101011101110111010101110111011101110101111101
1000000010100010000010001000101000101000100010101000001000001000100000001
1111111010111010111111101110101110101001111011101011001110101011101010111
1000001000001000001010001010100010101000001000100010000010101000101010001
1011101110111111101000111010101010111111101110101010111110101110111011101
1000101000100000101010101000101010001000101000101010001000001000100010001
1010101111101110101010101011101011101010101110111011111011111011101110101
1010100000101010101010100010001000100010100010001000000010001000101000101
1000111110101010101010101111101011111110101011101011111010101110101001111
1010001000001010100010100000001010000010100010001000001000101000101000001
1011101011111010111110111111001110101110101011101111111011101011101110101
1010001010001000100010100000001000100000101000101000000010101010100000101
1110111010101011101010101110111011111111101110101011111110101010101110101
1000100010101000101000101000001010000010000010100010000010001010001000101
1011111110101110101110111011101010111011111110111110111010111011111011101
1010000010101010101000100000100010001000001000100000100000101000000010001
1010111010101010101011101110111110101101101011101110101111101011111110101
1010100010101000001010001000000000101000000010001000100010001010001000101
1010101110101111111110111010110110101010111110111010111000011010101011111
1010100000100000000010000010100010101000000010101010100010000010101000001
1010111111111111111011111011101011101011101110101011101111111110101111101
1000000000000000001000000000001000001000100000001000000000000000100000000
1111111111111111111111111111111111111111111111111111111111111111111111111
