1111111111111111111111111111111111111111111111111111111111111111111111111
0010000000100010000010000000100000000000000010000000000000000010100000001
1011111110101010101010101110101111111110111010101111111111100010101011101
1000000010001000101010101010001000000010001000101010001000100010000000001
1111111010101111101110101011111011101111101111101010001010101111101111101
1000001010001000100000101000001000100000001000001000100010101000100010001
1101101010111010111111101111100010101111101011111011111110101010111110101
1000001000001010000000100010001010001000000010000000100000100000100010101
1000111011101010110110111010111011111010111111101110111010111110101010101
1010000010101010100010001010000010000010000000001010001000000010001010101
1011101110101010111010111010111111111111111101101011101011101111111010101
1000101000101010001000100010001000001000000000001000001000100000001010101
1110101110101111001011101111101011101011111111111011111011111110101010101
1000100010001000001000101000000010101010001000000000100000100010101000101
1011111010111011111110101111101110101010101011101010101110101010111111101
1000100010000010001000100000100010001000101000100010100010001010000010001
1110001111111010101011111110111010111111101011101010111011111011111010111
1000101000000010101000000010100010100000001000001010001010001000001000001
1010101111111110101111101110101010101111111010111011101010101111101111101
1010100010000000101010001000101010001000001010100010001000001000100000001
1010111010101011101010111011101111111110101010101110101111101010101011101
1010001010100010101010000000101000000000101010100000101000001010101000101
1011111010111110101010111110101011100111101110111110101011111110101010101
1010001000100010001000100000100000100000100000100010101010001000101000101
1010101111111010111011101111111110111110111110101010101010101010101010101
1010100000100010100000001000001000000000100010101000001000100000101010101
1010111010101110111011111011101111111110101011101111111111101011101011101
1010101010100010001010000000100010000000101000001010000000001010001000001
1010101010101011101000111110111010111110101111111010101111101010111111111
1000000010000010101000001010000010001000100000100000101010001010000000001
1010111011111010101101101010111111101010111110101110101010101110111111101
1000100010000010100000100010100000001010001000100010001000000010000000101
1011101111101110111110111110101111111010101011111110111011111011111110101
1010101000100000001000100010100010001010101000000010000000000000100010101
1010101010111011111011101010110010101010111111111010101111111110111010101
1010100010000010001010001000100010001010000010000010101000001010001000101
1010111111101110101010111111101110111011111010111110101011101011101111101
1000100010100000100010100000001000000000000010100000101000101000100000101
1110101010111111111110101111111111111111011010101110101011101010111110101
1010101000101000100000100000100010000010001010100010100010001010000010001
1010101110101010101110101110101010111010111010111010111110111011111010101
1010100010101010001000101010001000100010100010000010000010101000001010101
1010101010101011111010101011111111101110101111111111111010101110111010101
1000101010100000001000101000000000101010001000000010000010100000100000001
1011111010111111101110101110111011100010111011101110111110101111101111101
1010001010001000101000100010001010001010001000101000100000101000101000001
1010101011101010111011111011101110111011101011101011101110100011101011111
1010101010100010100010001000001000100000101000001000000000101010001000101
1010101010111110101110111011101011101110101110111110111010101010111110101
1010101010000000100010100000001000100010000000100000100010100010000010101
1010101010111111111010101110101110101011111010101111111110111011111010101
1000101010000000000010001000101010100010000010101000001000101010001000101
1111101011111111111111111010101010111011111000101011101011101010111111101
1000101000001010000000001010100010001000000010100010100010100010000000001
1110101111100000111110101000111011101111111110111110110010101111111100101
1000100000101010100010101010100010100000100000100000100000101000100000101
1011101010101010101110101010101110111110111011111010101110101010101111101
1010001010001000100010100010101000000010001010001010101010001010001000101
1010111011111011111010111011101111111011101010101010101011111011111011101
1010000010001000001010001010001000000010001000100010101000000010001000001
1011111110101110101011101110111011111010101111101111101011101110101011111
1000001000100000101000100000100000100010101000101000000000100010101010001
1110101011101011100010111111111110111110001000111011111111111010001011101
1000101000001010001000000000000010001000101010001000000000100010101000101
1011111000111110101011101111111011101011101011101111110110101110101110101
1010000010000000100000000000001000001000101000100000000010100000101000101
1010111111111111101111101111101111101110111110111110111010101010101011101
1000100000001000101000100010001000001000100010100000100000100000101000001
1011111011101010111010111110111011111011100010101011111110101111101111101
1000001000100010100010001000100010001010001010101010000000101000100000101
1111101110111110101111101011101111001010111010101110111111111010111100101
1000000000100000001000000010000000001000001000100000000000000010000000100
1111111111111111111111111111111111111111111111111111111111111111111111111
