1111111111111111111111111111111111111111111111111111111111111111111111111
0000100000001000001000000000000000100010000000000000000000000000100000001
1110101011101110101011111011111110111010111111111011111011111110101111101
1010001000100000101010001000100010000010000010000010001010000010001000101
1010111110111111111010101110111011111011111010111010101110111011111011101
1010000000100000000000100010100000001010100010000000100010001010001000001
1011101011101110101111111110101111111010101110101110111010111010111011111
1000001000000010001000001000100000000000000010100000001000100010000010001
1011111111111110111011101011101111111101111010111011101111101110101110101
1000000000100010100010000010001000101000001010100010000010001000001000101
1111111110101011101110111110111010101011101010101110110010111110111011101
1000000010101010001000000010000010001000100010101010100010000010001000101
1110111010101010111001101111101111111110111110101010101111111010101110101
1000100010101000101000101000001000000000000010101000101000001000100010101
1011101110101111101110101011101011101111111110101111101010101110111010111
1000100010101000001000100010100010000000100000100010001010100010101010001
1010111110101111101011111110101111111011101010111000111010111010101011101
1010001000100000100010000000101000000000101000101010000010101010100000001
1011101011111100001110111010101011101000101011101011111110101010111111101
1010001010000000100010100010101010001010101000001000001000100010000010101
1010111011101111111011101111101000111110101111101111101010111111111010101
1010001000100000000000100000100010000000101000100000001010100000000010001
1111101110101110111110101010101111111110101010111111101011101111111111101
1000000010100010000000001010001000000010101010000010001000100010001000101
1011111010101011100011111011111011101011101011111010111110111010101010101
1010000010001000001000000010001010000010001000100010000000001000100010101
1011111111101001111011011110101010011110111011100011111011111111111110101
1000100000101000100010000010101010000010100010001010000010000000000000101
1010101110101110101010111110101011111010101110111110111110111111111111101
1010101000101000101010000010100010001010001010000000100000100000100000101
1010101000101110101011111010110110101010111011111011101110111110100001101
1010001010100010001000000010100010100010000010001010001000100010101000001
1011111010111011111111101110101110101111111110101010011110101010101111011
1000001010001010000010001000100010001000001000101010000000001010001000001
1010111011101011111010111011111011101011101011101110111111111011101111101
1010001000101000001000101010000000100010101010100010000010001000100010001
1010001110111111101011101010101111111110101010111011111010101110111010101
1010100010000010001000100010100010001000100010001010000010100010001010001
1010111011101110111110101011111010101010111110111010110110111111101010101
1010100000100010100010001000001000100010000010000010100000100000001010101
1011101111111010101111101111101011111111101010111110101110101111111010101
1000100010001000100000000000001010100000001010100010001000100010000000101
1110101010101011101111111011111010101111111010101110111110111011111111101
1000101000100000100000001010001000000000001010100000100010001010000000101
1011101010101110111111101010101110111111101110101110101011111010111110101
1000001000101000100000001010100000000000101000101000001000001010000010101
1010111011101111100111111011101111111111101011111011111111101010111110101
1010001000100000100000001000100000100000001010000010000000101000100000101
1011101110111110101111101110111111101111101010111110111110101011101111101
1000101000000010001000101000100000001010001000100010000010101010001000001
1010101011101111111010111011101011111010111111101011111010101010111111111
1000001000000000100010001000100000001010001000001010001010001010100000001
1011111110111010101111101110101111101011101011111011101011111110101111101
1010000010100010001000101000001010001000100010000000101010000010101000101
1011101011101111111011101011100000111110111110101110101010101010101010101
1000001010001000100010001010000000100010000010100010101010101010000010001
1011111010111011101010111011110010101011111010111000101011100011101111101
1000001000100000001000101000100010001010000010001000001010001000001000001
1111101111101111111111100010101111111010101111101111111010111110101011101
1000100000100010001000000010101000001010101000100010000010100010101010001
1010111110111010101011111110101011101010111010111010111110101010101010101
1010001000101000101010000010101010000010000010000010100000001000101010001
1011101010101111101110111010111010011010111111111010111011101011111010111
1010000010001000001000100010000010000010000010001010001000101010000010101
1011111011101011111011101010101111111111111110101111101110101011101110101
1000000000101010001000100000100000000000000000001000001000101000001000101
1011011110111011101010111111101111111111111111101011111011101111011011101
1000001010001000000010100010001000100000000010001000100010001000001000101
1111101011101110111110001010111000111110101010111110101110101010011110101
1000001000100010000010001000100010000010101010000010001000101010000010101
1011111110101111111011011010111011110011101011111011111011111011111010101
1000000000100000000000000010000010000000001000001000000000000000001000000
1111111111111111111111111111111111111111111111111111111111111111111111111
