1111111111111111111111111111111111111111111111111111111111111111111111111
0010001000000010000000000000001000000010000000001000000000101000000000001
1010101010111010111111111111101111101011101111101011111110100010101111111
1010100010001010000010100000001000001010001010000010100000001010001000001
1011101111101011101010101111111011111010111010111110101111101011101011101
1000000000001010000010101010000010001010101000100010000000001010100000101
1111111111111010111110101010111010111010101011101011111110111010111111101
1000000000001010100000101000100010100010100000101000100000100010100000001
1110111111111010101010101110101110101110101111101110110111101110101111101
1000100000000010100010101000101010001000101000001010000000100000101000001
1010101111101010111010101010101010111011111011101011101110111011101011111
1000100000100010101010101010001010001010001000001000100010000010001000101
1011111110111110101010101011111011101010101101101010101010111110111110101
1000000010000000101010001010000000101000100000000010001000000010100000101
1011111011111111101011111011111110101111111011111110111011111010111011101
1010000000001000001010000010000010100000001010000000100000000010001010001
1010111111101000101010101110111010111111101010101110111011101011101011101
1010001000101010101010001000100000000000101010001000000000101000101000001
1011101110101010101010111011101011111110001011101111111110111010101111101
1010100010100010100010000000001010000000101010100010000000000010001000101
1010111010111010110111111111111010111110100010111010111110111111111010101
1000001010001010100000001000001010001000101000001010100000100000001010001
1011101010101010101011101011101011101110101110111010101110111111101011111
1000001010100010100010000010001000000010001010100010001010100000100010001
1111011010111110101111111110111010101011101010101111101010101110111110101
1000000010000010100000001010001010101000001000100000100010000010000000101
1011110111111010111111101011101010101111111111101110111011111111111011101
1000000010001010000000000010001010101000000000100010001000001000000000001
1011111010111011111111111010111010101110111010111110111111101011111111101
1010001010001000000000100000100010100000100010000000100000001010001000001
1010101011101110111111101111101110111110101110001010101111111010111011111
1010101000100000100000001000101010001000001000001010001000000010000000001
1010101110101111101101111011101011101111011111111011111011111111101111101
1010100010100010001000100000000000100000000000000000000010000000101000101
1000111010111110111010001111111111111111101011101111111110111110101010101
1000101010001000100010101000100000000000101010101000000000100000100010101
1111101011101011111010111010101010111110101010101011111111101111101110101
1000100010100010000010000010001010001000101000100010001000001000100010001
1011101110111111101111111111111011101011101011111010101010111011101011111
1000001000000000101000100010001000001010100010000000100010000010000000001
1011111010111110101010101010101111111010101110110111111110111010111001101
1010000010001010101010001000101000000010001000100000000000001010001000101
1011111111101010101011111111101111101111111011111011111111111011101110101
1010000000001000101010000010101000100000001000001000000010000000101000101
1010111111111011101010111010101010111111101111101111101010111110101101101
1000100010001000101000100000100010001000101000100000101000000010101000001
1111101010101110101011101111111111101010101010111110111011101110101011101
1000101000100010100010000000100010001010101010000010001000000000100010101
1010001111101000101110111110101010111010101011111011101011111011111010101
1010100000101000100000001000001010100000100010000010001000001000100000101
1010101011101010111110101111111010101110111110111110111011101111101110101
1010100010001010000010100010001000100010000010000000100000101000001000101
1011111010111011111010111010101111111010101111111101101111101011111011101
1000000010100000000010001000101000000010000000001000000000001010001000001
1011111110101111111111111011101011101111101110101110111111101011101111111
1010001000100010001000001000101000101000100010100000100010001000100000001
1010101011111010101011101111101110101010111010111100101010111110111011101
1010100010001010100010100000101000001010001010101000101010100000100010001
1010111110101010111110111110101011111011101110101011101011101111100111111
1010000000101000100000000010001010000010001000100000101000101000100000001
1010111111101111111110111011101110111110111011111111101110101011101111101
1010000000100000000000101010100000100000100000000000001000101000000010001
1010101110101111111110101010101011101111101111111010111011101011111010101
1010000010001000000000000010001010001000101000100010001000101000000000101
1011111011111011111111111111111010111010101010101000111110101111101011101
1010001000100000000010000000000010000010000010001010100000001000001010001
1011101110111111111010111110111111111111101111111011101010101111111010111
1000000010001000000000100000100000000010001000001010001000100000000010101
1111111011101011011111111110001111111011101011101010101111111111111110101
1000001000001010001000100010101000001000101010100000101000000000100010001
1010111110101110100010101011101000101110101010101111111011101010101011101
1010000000100000100010001000000010000010000000100000000000100010001000000
1111111111111111111111111111111111111111111111111111111111111111111111111
