1111111111111111111111111111111111111111111111111111111111111111111111111
0010001010000010001010001000000000001000000000100010000000001000001000001
1010101010001010101010101011111011101010111110101011101111100011111010101
1010101010101000101000100000100010100010000010001000001010001000000010101
1010001010101111101011111111101110111110111011111110111010111111101110101
1000101000101010001000000010001010000000100000000000001010100000100010101
1111101011101010111111111110111010111111101111011111101000101110111110001
1000101000101000000000000000100000000000101000000000101010001010000010101
1010101011101111111111111111101111111111101011111111101010111011111010111
1010001010001000000000000010001000100000001000100000101000000010001010001
1011111010111010101111111011111010101111111010101010101110111010111011101
1000100010000010101000101000001010001000001010001010100010100010001000001
1100101111111110101010101111101011111110101011011000111010101111101111101
1000100000100010101010001000001000100010100000001010001010101000001000001
1011111110111010101010111011111110101011101111101011101010101011111011111
1010000000000010100010100010000010101000100000100010101000100010000010001
1011111011111010111110101110111010101110101111111010101111111010111110101
1000001010001010000000100000001010000010100000001000100000100010100000101
1111101110101111111010111111111010111110101111101110111110101110101111101
1000101000100010000010000010100010001000100000100010000010000010001000101
1110101011111010111011111010101111101011111111101011111011011111111011101
1000100010000010001000100000100000101010000000101000001010001000001010001
1010111110111110101110111011111010100010111110101111111010101000101010111
1000100000101000100010001010001010101010100000101000000000101010100010101
1010101111101011111011101110101010101010101101101011111111111010111110101
1010001000100010001000101000100000101010100000001010000010000010000000101
1010111010111110101010101011111111101000111111111010111010111111111001101
1010001010001000100010100000001000101010000010000010101000101000000000001
1010100011100011111010111110111010101010111010111110101111101010111111101
1000101000101000001000100000100010101010101000000010100000000010000000101
1111101100101111101111101010101110101010101111100010101111111111101110111
1000100000101000100000101000100010001010100000001010100010000000100010001
1011111111101010111110111010111011111000101110101110101010111110111111101
1000000000100010000000100010001010001010100010000010001010100010000000001
1101011011111111111111101111101010001000101111111011101110101110101111101
1000000010000000100010001000101000100010101000000000100000101000100010001
1011110010111011101010101010111010101010111011111110111111101011101011111
1010100010101010001000101010100010100010000010000000100000101000101010001
1010100110101010111111101010101110111110111111111011101110101110100010101
1010000010001000100010100010001000101000100010001000001000000010101010101
1011111011101111101010111111111011101011101010101111011110111010111010101
1000100000101000001010000000100010100000101000100000000010000010001000101
1110101110101001101011111011101010101111101111111111111011101111101111101
1000101010001000101000000010000000001000001000000000001000100010001000001
1011101011111110001110111110101011111010111010111111101100111010111011111
1000100010100000100010000000101000001010100010001000100000100010001000001
1100111010100011101110101110101100111010101110101011101111111111101011101
1000100010001000100000101000100000100010100000101010001000000000001010001
1010101111011110101111101010101111101110111111101010111010111111111110101
1000100000000010101000001010000000100010100000001000001010000000000010101
1010111111101010101011111011111111111010101111111111111010111011111010111
1010000010100010001010000010000000000010100000100000100010100010001010001
1011111010101110101011101110111110111110111110101110101111101110111011101
1000100010100000101000101000001000000000001010000010101000001000001000001
1010101110111111101110101011101011111111101011111110101011111011101111101
1010100000001000001000000000100010000010001000001000100010100010101000001
1010101111100011111011111110111111111010111110101011111110101110000011111
1010101000101000101000100010000010001010000010101000100000100000101010001
1000101010111110101110101111111010101011111011101110101110111110101010111
1010101010001000000010101000000000100000001000001010001010000010100010001
1010111010101011111110101011111111111011111111101011111011111010111110101
1010100010100010000000100010000000000000000000101000000000001000100010101
1010101110111110111011111110111011100110111110101110110111101111101010101
1010001000000010001010000010100000000000000010001000000000100000100000101
1011111111101111101110111010100111111011100111111011111110101010101111101
1000100000100000100010001010100000001000100000000000001000101010100000101
1110101110101010111010111010111111101011111111111110101011111010111111101
1010100010100010001010100010000000100010000000000010101010000010001000001
1010111010110111101010101011111110111010111111111011101010111111101011101
1000100010100000001010101000100010000010100010001000001000001010001010101
1011101110101111101010101111101010101110101110101111111011101010111010101
1000001000001000001000100000001000000000100000100000000000001000000010000
1111111111111111111111111111111111111111111111111111111111111111111111111
