1111111111111111111111111111111111111111111111111111111111111111111111111
0010000010001000000000000010000010000000001000000000100000000000100000001
1000101010101011111011101011101110101111101011111010101111111110101110101
1000101010100000000000101000000000100000100010100010101000001000100010101
1111101010111111111111101111111011111110111010101110101010111011111010111
1000001000001000100000001000000010001010000000101000101010100010000010001
1011111011111010101111101011111110101011111111101011101011101110111111101
1000001000100010001000101000100000100010000010001000101000100000100000001
1110101011101111111011101110101110111010111010111110101010111111101111101
1010100010001000001000001010100010101000000000100000101010000000100010001
1010111110111111101011111010111110101010111111101111101010111011110010111
1000100010000000100010000010001000100010001000101010001010100010000010101
1011101011110110111011101111101011101110101110101010111010101110111110101
1000001000000010001000001000001000100000100010100010100010100010100000101
1111111111111011101111111011111010111011111010111010101110111010111011101
1000000000001000100000000010000010000010000010000010100010100010001000001
1011111011101110101111111111111011111010111011111010111110111111101111101
1010100010000010100000100000000010001010100010001010000010000000100000101
1000101110111010111010101111101010101010111010101111111011101110111110101
1010100010001010000010001000101000100010001010100000001000101000100010101
1010111010111011111011111010101010101111101110111111101110111011101010111
1000100010000010000010000010101010100000100010001010001000000010001010001
1110000111111010101010101111100010111110111011101010101011100110111011101
1010100000001000101010100000101000000000101000001010101010100000100000101
1010111111101111111011111110101011101110101111001010111010101011101010101
1010100000100000001010000000101000001000100010000010000010101010000010001
1010110010111111101010111111101010111011101110111011111110101010111011101
1000100000001000101010100000001010101000100000100000000000101000001000001
1011101111101011101010101111111110001110101111101110111111101011011111101
1010001010001000100010101000100010100010100000100000100000101010000000101
1011101010111110111110100010101010101110101111101010101110101110111110101
1000100010000000000010000010001000100010101000001010001000001000100000101
1110101010110111111011111011111111101010101011111000111011111011101111101
1010101000000010001010001010000010001000101010001010001010000000100010001
1010001011101011101010101110111011111110111010101011101110111111111011111
1000101000101010001000100010001000000010100010101000100010100010001000001
1011101111101010111111111010101111111010101110101110111010101110101110101
1010001000001010000000001010100010001010101000100010101000000000100010101
1010111001111011111010111011111010111010101110101110101111101011111011101
1010001000001000001010001010000000001010101000101000001000001000001000101
1010001011111110101011101010111110101010101011111011111011101011101110101
1010100010000000101000101010001000100010001000000010001000100010000010101
1011111110111110101110101010101110111011101111111010101010111110111110101
1010000010101000100010100000100000001000001000001010100000100000100010001
1010111010101011101010111111111111001111101011101010111111101010101011101
1010101000101010000010000000001000001000001010001010000010001000001010001
1010101111101010101011111101101010111111101010111110101010111111111010111
1010100000001010101000000000100010100000100010000000101010001000001010001
1000101010111010101111111110111111101110111111111111101011101110101011101
1000100010000010000000100000100000100010000000100000000000000010101000001
1111101111111111111110101110101110101111101110111011101111111011101111111
1000101000000000001000100010100010001000101000100010000000001000100000001
1010101011111110101011111010101011111010111011101110111010111110101100101
1010101000000010101000000010000010001010001000100000100010100010101000101
1011101010111110001101111111111110101011101110101111111010101010111011101
1010001000100000100000000010000010100010101000100000000010001000100010001
1010111110101111111111111010111010101110101011111111111011111111101111101
1010001000100000000000101000101010001000100010000000001000101000100000101
1011101011101011101110101010101011101011111110101111101110101010101110101
1000001000101010100010000010001000001000000010101000100010100010101000101
1011111110101010111010111010101111111010011010111010110110101010001011111
1000001000101000101010100000100000100010001010001010100000100010001000001
1111101111101110101010101111111010111111101011101010101111111111111011101
1000100000001010001010101010001010100000001000100010000000000000001000101
1001111111111011101010101010101010101111011110101011111010111111101100001
1000000000100000001010101010100010100010001000001000001010001010001000101
1011101110101111111010001010111110111010101101111111101111101010111110101
1010101000100000100010100010001010100010101000000000100000001010000010101
1010101101111110101011111011101010101110101011101111111111111011111011101
1010100000001000101010000010100000001000101010101000100000100010001010001
1010111110111011101110111110101111111011101000101010101011101010101010101
1000000010000000100000000000100000000000100000100010001000001000000000100
1111111111111111111111111111111111111111111111111111111111111111111111111
