1111111111111111111111111111111111111111111111111111111111111111111111111
0010000000100000001000000010000000000000100000000000100000100010001000001
1011101111101111101011111010111110111110111110111010101110101011101010111
1000101000101010001010000010000010000010000010000010100000001000100010001
1110101010101010011010111111111011111011111011101110101011111110111110101
1000100010000010000010100000100010000010000000001010001000000010000010101
1010111111111110111110101010101110110111111111111011111010111111111000101
1000000000000010000010001010100010000000000000101000000010000000001010101
1111101111111011101111111011111011111111111110101011111111110110101011101
1000000010001000101000001010000000001000000010101010000010000010101000101
1111111010101110101011101010111110101010111010001010111011101110101110101
1000100010100010101000101000100000100010001010101010100000000010100000001
1010001110101110111110101111101111111110111010101010111110111010111011101
1000101000001000100000100010001000100010001000100010000010000010001010101
1010101010101011101111111010111010101110101011101111101011111011101010101
1010100010100010000000100010001010001000100000101000101000100010001000101
1010000010111111001110101111101011111011101110101010101110101010111110101
1010001010000000001000101000101000100010001000101010100010101000100000101
1011101011101111101011101000101010101110111111101010111010101011111111101
1010001010001000000010001010101010101000000000101010001010101010000000001
1011111010111110111111101010101010101001101110101011001110101010101111111
1000000010000010100000100010101000101000100010001010000000101010100000001
1011111111101010101110111110101000101110111011111010111111101010111110101
1010000000101010101010000010101010001010000010100010100010001010000010001
1010101110101011101011111010101011111011111110101010101010101111111011101
1010100010101000000000001010001010000000100010001010101010000000001000001
1010111010111110101110101011111011111010101000111010101011111011111111101
1010100010000010100000101000100010000010001010001010101000001000001000001
1011101111011011101110101110101110111111111111101011101111101111101011111
1000100000001000001010101000101000001000000000101000000000100000101000001
1110101011101111111010111011101011101011111010101111111111111000101111101
1010001000100000000010000000101000100010100010101010001000001010100000101
1011011101101110111111111110001111111010101111101010101011001110111110101
1000000000100010000000000000000000001000000000001010100010000000100010001
1010111110111111111111111010111111101110111111111010110011111110101011111
1010100010100000000010000010100000100010001000000010100000001000001000101
1010101110101111111010101111101011111011101111101010101111101011111110101
1010100000001000000000101000001000001000100000101010000010101000100010001
1010111111111111101111111011111111101110111110101111111010101110101011101
1010000000000000101010001010000000100000100010001000100000100010101010001
1011110111111110101010101010111110111111111011101010111110111010101011101
1010000000100000100010100010000000000000001000001010001000001010101000101
1011101110101011111110111111111011111111101110111011101111111011101010101
1000001000101010000010100000001000100000100010001000100000001000000010101
1111111011101010111010101111101110101010111011101110111111101111110110111
1000100010001010001010001000100010001010001000100010100000101000000010001
1011101110101110111011111110111011101111101110111010101110101011111011001
1010001010101000100000000000001000000000100000100010101000100010000010001
1010111010111011101111111011111110111110101111101110111001101010111110111
1000100010000010001000000010000010000000100000100010001000100010001000001
1011101111111110111111111010101111111111111110111111101110111111101010101
1000100000001000100010001010100000100000001010000000100010000010101000101
1110111110101011101010101110111010111110101011111110101011101010101110101
1000100010101000001000100010001010000000101000100010101000101000100010101
1011101010111101111111101011101011111111101110101010111110001110111011101
1000001010100000001000100000001000100000000000001010000000101000101000101
1101111010101111101010101111111110111111111010100010111111101011101110101
1000000010101000100010000000000010100000100000101000000010001010001000101
1011100110101110111111111111111010101110111110101111101011101010101011101
1000000000000010000010001000001010000010100010101000101000001010101000101
1111111110111010111110101011101011110110101010100010101111111011101110101
1000100000101010001000101010001010000000101010001010101000001000001000101
1011101011101011101011101010011000111111100011101110101011101111101011101
1000101000001000101000101010000010000010001000101000100000100010001010001
1010101011111110101110101011011111111000111110101011111111111010111010111
1010001000001000100000100000000010000010000010101000000010000010001010001
1011111111101011101110101111111000111010101110101011101010110110111011101
1000000000001010000000101000001010100010100010001010001000100000001000001
1111111010011010111110101011101010101110111011111110111010101111101110101
1000001010000000100000101000101000100010100000000000101010001010001000101
1011101010110110101111111110101111101110101111111111101011111010111011101
1000100010000000100000000000100000000000001000000000000000000010000000000
1111111111111111111111111111111111111111111111111111111111111111111111111
