1111111111111111111111111111111111111111111111111111111111111111111111111
0010000000001000100010000000000000100000100000000000100000001000000000001
1011111110101010101010101011011110111010111110111110111011111011111110101
1010000000001010001010100000000000000010001000100010001000001010000010101
1000111111101011111010101011011111111111101011101011101011100010101110101
1010000010001000100010101000001000100000100010001000101000001000101000101
1011111010111110101110101111111010111010111110101110101011101111101011111
1010000010100010100010100000000010001010100010100010101010000000101000001
1010111110101010111011111111101111101000111010111011101010101111101111101
1000100010100000101000100000100010001000000010100000001010001000001000001
1111101110101111101110101110111010111011111110101111111110111011111011101
1000100010100010001010100010001010100010000000100000000000100010000010001
1011101010111010101010111011101010101110111111101110111111101110111110111
1000001010000010101010100010101010100010001000001000000000001010100000101
1011111011111110101010101110101110001011101111111010101101111010111011101
1010000010000000101010101000100010101000001000001010101000000010001000001
1110101110111011101010101010111010101111111011101011101110111011101010101
1000101000100010101010001010100000101000000000001000100000100010101000101
1011111011101110101011111000101111101011111110101110101111111010101111101
1010000000101000101000100010000000101000100000100010001000001000101000001
1010111111101010101010101010111011101110101111111011101011101110101111101
1000101000001010100010001010100000101000101000001000101010100010101000101
1011101011111010101110111011101110101011101110111110111010111011101010111
1000101000101010001000101000001010001000100010000010000010100010001010001
1110101100100011111011101010111011111110111011101011111110101110111011101
1010101000100010001000100000100010001000101000001000000010101000100010101
1010101011101111101010101110101110101010101110101111111010101011101110101
1010001010000000001000101010100000101000000010101000000000101000100000101
1011101011111111111011101010111011101011101110101011111110101110110011101
1000101000000000100010001010001010001010000000101000001000100010000000001
1010101110101110101111101011101010111010111111101110101111101011101110101
1010101010101000101000001010001010000010000010000000100000001000101000101
1011101010100011101010111010111110111111111010111111111010101110111011101
1000001010001000001010100010000010000010001010000010001000101000100010001
1011111011111111111110101111001011111010101011111011101011101011100111101
1010000000000010001000100000000010100000101010001000001010101010000000101
1010111111111010101011100111101010101111101011101011111010101010111110111
1000100000001010100000100000000010001000101010001010000010001010000010001
1010101110101010111110111111111011111010101010101010111110111011101111101
1000101010101010000010000000001000000010101010000000100010001010001000001
1111101010111010111010011101101111111110111011111110111011101011111011101
1000100010001010100010000000100010000010001000100010001010001000000010001
1010111011100010101111101111101011111011101010101000101010111011111111111
1010001000101010100010101000001000100000101010101010001000001010000000001
1011101011101011111010001011111110101111101110101010101111111010111111101
1010000010001000000010001000001010001000000010101000100000100010100000101
1011111010111101111111101111101011101010111010101110101110101110101011101
1000001010001000000000100000101010001010100010001000100010001000101010001
1011101011101011101110111111101010111010101111111011111110111011101010101
1010001000100010001000001000001000001010101000000000000010000010001010101
1010111110101110111111101010101101101010101011101011111010111111101110101
1010100010000000100010000010100000101010001000101000001010100000001000101
1010101011101111100011111110101110111011011110001110111010001010100011111
1010001000101000101000100010101010100010000000100010001010101010001000001
1011111110111010101110111010101010101111011011111010100010101011111110101
1010000010001010001000001000100010001000000010100010101000101000100010101
1010111011100011111011101110111011111011111010101110101110111110101011101
1010001010001000001000100010100010000010001000100000100010000000101010001
1011100010111111101010111010101111101110101011111110111011111011101010111
1000101010000000101010001010100000100000101010000010001010000010001010001
1110111011111010101111101010111110101111101010111010101010111110111011101
1000100010001010100000001010000010100000101000101000100010100010001000001
1011101011101010111110111010111110101111100011101111111110101011101111101
1000101000001010100000100010100000101000001010000000100000101000001000001
1110101110101011101111101110101111101011111000111010101101101111111011111
1010001000001000000000001000101010001000101010001000101000101000100000001
1011111011111111111011011010101010111110101010001111101010101010101110101
1010001000101000000010000000101000001000101010100000001010001010101000101
1010101110101011111111111111101111111011101011111110111011111010101111101
1010100010101010000000100010001000100010100010000010001000001010101000101
1010111010101010111110001010111010101010100010111011111111100010001010101
1000001000001000000010001000000010001000000000100000000000001010000010000
1111111111111111111111111111111111111111111111111111111111111111111111111
