1111111111111111111111111111111111111111111111111111111111111111111111111
0000100000100000000010000000000000000000001000001000000000001000000000001
1110111010101111101010111111101111101011101010101111101011111011111000111
1010000000100000101010100000001010001000101010100000001010000010001010001
1010111110111010101110001011111010111110101110101011111110111010101111101
1000000010001000100000100000000010100000101000000010000000101000101000101
1110111111101010111111110100101110101111101011101110111110101011101010101
1000000000101000001000000000101000100000100010001000100000101000100010101
1011101110101111111011111111101010101110111111101011111010101110111110101
1000100010100010001000100010100010001000100000101010000010001000100000001
1010101110111010101110101010101111101010101110111011101110111011101111111
1000001000001010000000101000100010001010100010001000001000100000001000001
1011111010111010101111101110111010100011111011101110101011101110101011101
1010001010100000000000101000001000101000000000100000001000100000100010001
1011101010101110111110101011111111101010111011111111111110111111111110101
1010001010101000000000101010001000001000001010000000000010001000000000101
1010111010101011111111101110101011111011101010111111111011101011111111101
1000100010100010000010000010000010100000001010001000100010000010001000101
1010101111111111111010111010111110101111101011101010101110111110111010101
1010001000000000001000001010001000001000100000101010101000001000100010101
1010111011101111101111111011101011111000110011101011101011101010101110101
1010000000100010000000000000101000001010100010001000101010101010100010001
1011111111101011110111101110101011111000101110111010101000101110111010011
1010001000101000100000001000101010000010101000100010101000100010000010001
1011101010111110101111101111101110111110111001111010101111111011101110101
1000001010000010000000100000100000100010001000000010100000001000101000101
1111101011111011111111110110111111101011101111101010111111101110101011101
1010001010000000000000100000100000001010101000101010000000001000101010101
1010111011111110111110101110101111111010101010111010111111111011101000101
1000001010000010100010001010001000001010100010000010001000001010001010101
1111111010111011101011011011111011111000110111100011101011101010101010101
1000001010101010001010000000000010000010000000100010101010000010001000101
1011101010101010111010111111111010111110101110111110001010111110101111101
1010001010101010101010100000000010001000100010100010001010100000100000101
1010011010101010101010101011111111101111111010101010111011101110111110101
1010001010101010001010101010000000100000000010101010001000000010100000101
1011101010101011101010101010111110111111111110101011101011111110101111101
1000100010101010001010101010000010000010000010101010000010000000100000001
1010111110101010111000101011111011111010101110101010111010110111111111101
1010000000101000101010101010001000001000100000101010100010000010000010001
1010101011101111101011101010111110111111111011111010111110101011101110111
1010001000000000001000001000100000100000001000000010000010001000100000101
1011111011101101101110101111101111101111101111111111111010111110111110101
1000001010000000000010100000001000001000100000000000001010100010000010001
1111101010111111111010111011111011111110111111111111101010101010111011111
1000100000100000001000001000101010000010001000000000100010101010001000001
1010111011101111101111101110101011101010101110111110111111101011111111101
1010001010001000000000100010001000001000100010000010000000001000100000001
1011101010111111111110111011111110101111111011111011101011111110101101101
1000101010100000001010000010000010101000001010000010001010000010101000101
1111101010101111101011111010111010101000111011111010111010111010100000101
1000101010101000101000001010001000101010100000001000001010100010001010101
1010101010101010101010101011101111101010101110101110101010101111111110101
1010001010001010101010000010101000001010001000100010101010100000000010001
1011101010111010101111101110101110111011111011111011101110111111111010111
1000101000100010100000100000100000100010000010001010001000000010000010001
1010101110111011111110111111111111101111111010111010111011101110111110101
1010100010001000000010000000000000100000001010100010001010001000100010001
1010111011101111101011111111111110111111101010101110101011101011100011101
1010100010001000001010000000000000100010100010100010100000001000101000001
1110101110111011111010111111101110101010111110111011111111111110101111111
1000101000100000101010000000100010001000100000001000000000000000101000101
1010111011111110101011101110111011111111101111101111111111111111100010101
1010100010000000101000100010001000000000001000100000100000001010001010001
1010101111101111101110101111101111111010101010111110101011101010111011101
1010101000001000000010101000100010000010001010000010101000100010100000001
1010101011111110101110111010101010101011111011111110101110111110101011101
1010101000100000101000100010101010101010000000100000100010000000101000101
1010101110001111101011101010101011101011111110101110111011111111101110101
1010100000100010000000001010001010000010001000100010001000000000100010101
1011111111101011111110111011101000111010001010111011011111111100111110101
1000000000001000000000000000000000100000100010001000000000000000000000100
1111111111111111111111111111111111111111111111111111111111111111111111111
