1111111111111111111111111111111111111111111111111111111111111111111111111
0010000000000000100000000000000000100000001000000000000010000000100000001
1010101111011110111111101110111010101110101011111011111010101110101111101
1010101000000010100000000010000010101000101000001000100010100010001000001
1011101010111110101111111010111011101010111111101110101110111011111010101
1010001010100000101000001010100010001010000000001000101000001000000010001
1010111110001111101110001000111110011011111011101011101111101011101111111
1000100000100010001000001010000010001000100010001010100010101000000000101
1111101011101010111011101011101011101010101110111000111010101110111110101
1000001000000010100000101000101000100000100010000010000010101010000010001
1000111111111110111010111110111011111110111011101010111110101011111011101
1010001000000010001010000010000010000010001000101010001000100000001000101
1011101110111110101011101111111010111011101011101011101110111011101110101
1000100000000000101010000000001010101000001000001000100010000000001010101
1011111010111111101010111010111010101111111111111110111011111111101010101
1010000010100010001010100010000010100000000000001010001000001000100010101
1010111110100010111000001111111110111010111111101011101111101110111010111
1010001000000010000010101000000010001010001000001000100000100010001010001
1011101011111110101110100011111011101011001011101010111110111010111011001
1000101000100000101010001010000010001010000010001010001000100010000000001
1010101011101111101011111011110010111010111010101110101011101111101010111
1010001010001000000000000000100000100010100000100000101010000000001010001
1011111010111110111111101110101111111110101111111111101011101111101111101
1000001010000000001000100000100010000000101010000010001000000010001000001
1111101011111110101110111110111010111111101010110010111101111010111011101
1010001000100010100010000010000010000000100010100000100000100010001010101
1010111011101011111010111110101010111110111010111110101110101111101010101
1010100010001000000010000010001010001000100010000010001000001000101010001
1000101110111111111111101011101011101011101111111011111111111011101011111
1000100010100000000000001000001010001000100000001000000000001000101000001
1011111010101111111111101011111010111110111111111110111011101010001011101
1010000010000000001000001000100010000010000000000000000000101010001000101
1011111111111111101011101111101111011011111011111110111111101011111110101
1000100000100010001000101000101000001010001000001000100000001000001000101
1110001110111010111110111010001110101110101111111010101111111011101111101
1000101000001010100010000010000000100010100000000010100000000010000000001
1011101111100010111011111111111111111010111111111110111111111011111111111
1000100010101000000000000000000010100010101000000010000000100010001000001
1110101010101111111110101111111010101110101011101010111111101010101011101
1000101010100010000000101000001010001000101000101010100000001010100000001
1011111010111011111111101110111011101011101011101010101110111110111111101
1010001010000010000000100010001000000010001010001000100010100000100000101
1010101010111110110110111010101110111110101010101011111010101111101110101
1000100010000010100010000010100000100000001010101010001010100000101000101
1111111111111010101011110111111010111110001010101011001011111011101011101
1000001000000010001000000010001010000010000010000010001000100010001000001
1011111010101110101111111010101011101010111110111110111110101110111111101
1000100010101000001000100010101000001010000000001010000010000010100000101
1010101110101111101010101110001111111011111111101010111011111110111011101
1010100010100010001010100000100010000010000000101000100000100000100010001
1010101110111010101110111111111011111011101110101011101110101111101110111
1010001000001010001000001000001000001000100010001000101010100010000000101
1111111011101010111011111011101010101110111011011011101010111011111010101
1000000010001010000010000010001000101000101010000010001000001000000010101
1011111110111011111010111110111111101011101011111110111011111111101010101
1000000010001010100010100010100000001010001000000010001000000000101010001
1011111010111010101010111010111011111010111111111011101011111110101011101
1010001010100010000010001000100010000010000000000000001000100000101010001
1010101011101110011111101011101110111111111111111111111010101111111010111
1010100010001000001000001010000010100000001000000000001010100000000010001
1010111010111111111011011011101010101111101011111111101010111111111111101
1010100010100000001010000010001010101000100010000000101010001000001000101
1010111010111011101010111110111010101110111110111111101011101011101011101
1010001010100010101010100000100000000000100010000000101000100010101000001
1011101010101110101010111011101011111010111010111110101110111110101011111
1010001000001010001010001010101000100010000010000010100000000000101000001
1010111111111010111010101010100001101011111110111110101111111110101111101
1010100000100010000010101010001000101000000010100000100000001000100000101
1010101110101011111110101010111110001111111010101011111111101111101110101
1010101010101000001000100010000010101000100010101010000000100000100010101
1010001010101110111010110111111010101110101110001110101010111110111110001
1010000010000010000010000000000010000000100000100000100010000000000000100
1111111111111111111111111111111111111111111111111111111111111111111111111
