1111111111111111111111111111111111111111111111111111111111111111111111111
0010000000000000000010000000000000000000100000000000000000001000000000001
1011101110111111111010111101111011111110001111111111111110101110111111101
1000100010000000001010000000100010000010100010000000100000100010001000001
1110101011111011101011101110101010111010101110111110001111111011101011101
1010101000001000100010001000001000000010101000100010001010001000100000101
1010111011101110111110101011111011111110101011101011111010101110111010101
1010001010001000100010101000001010001000101010001000001010100010001010101
1011101110111011101110101111101010101011111010101111101010101111101110101
1000101000101010001000000000101000100010001010101010001010100010001000101
1010101011101010101011110111101011111110101010101010111010111010111011101
1010101010001010100000100010001000000000100010101000000010001000100010001
1011101011101011111110101010111111111111101010101111111111101111101111101
1000100010001010000000101010001000100000001010100000000000101000000000101
1110111110111010101111101011101001101111111010111111111110101111111010101
1000001000100010100000001010001000000010000010100000001000100000001010101
1011101010101110101111111010111011101010101010101111101011111001101110101
1010101010100010000010000000100000100000100010101000101000000000100010101
1010101110111011101011111111101110100111101110111010101111101111111010101
1010000000101000101000000000100010000010000010100010100000100000100010101
1010111110101110111110111110111011111010101110101110101111111110101110111
1010100010000010100010000010100010100010100000100010101000000010001000001
1011101011111110101010111000101110001110111111101010001011110011111011101
1000001000000000101000001010101000101000100010001010001000000000100000101
1011111111111011101111101110101010101011101010111011111110101111101111101
1000001000000000000000000010101010101010001010001000000000100000001000101
1111101011111010001111111010101110101010111011101010111111111111111010101
1000001010100010100000100000101000100010100010000010000010000000101000001
1010111010101111111010111111101011101010101110111011111011111010101011111
1010000000101000001010100000001000101000101000001010001000001010001010001
1010111010101010001110001101111010101111101011101010101101101010111010101
1010100010001010100000100000100010000010001010001010101000101010100010101
1011101110111110111111111110111110111010111110111010101010101011101110101
1000001010000010000000000010000000001010000000101010101010001010001000101
1111111011111011101011111011111111101011111111101010101011111010111011101
1010000010001000101000001000000010001000001000001000101000100010100010001
1010101110101110101111101010111010111111101110111111101110101110101110101
1000100010100010100000000010000000001000001000100000101000101000100010101
1011111010111010111110111110111111111011111011101011100011101011110010101
1000000000101010001010100010100000001010000010001000001000001000000010101
1010101111101010101010101011101111101010101110111101111111101111111110111
1010100000001000101000101000101000000010101000100000000010001000000010001
1010111111101110101111101110101111111111101011101111111010111011111011101
1010001000100010100000100010101000001000001010001000001010100000100010001
1011101010111010111110111010101011101010001010101011100010111110111110011
1010000010100010000010100010000010001010001010101010100010001000100010001
1010111111101110111010101110100110111011101010101010111111101010101011101
1010101000001000100010001000100010101010101010101010001000100010101000101
1010101011101011111111111011111010101010101010101010101010111010101110101
1010001010001000100000001010001010100010101000101000100010001000101000001
1011101010101110101110111000101110101110001111101010111111101111101111011
1010001010101000100010100010100000101000100000000010100000000000100000001
1010101010101011111010101110111111101011111111110110111111111110001111101
1010001010001010000010100010001000101000000000000010000000000010100010101
1011111010111010111110111011001010101011111110011010111111101010111010101
1000100010100010001000001000001010100000100010001000100000101010001000101
1110101110101011101011101111111000101110101000111110101110101011101111101
1010101000101010001000100000100010001000001010100010001000101010001000001
1010101010101010111110110111101011111011111010101010101110101000111011101
1000001000101010100010000000001010000000101000101010100010101010100010101
1111111111101110101011111111111010111110101110101011111010101010111010101
1000001000001000101010000000001000100010100010001000000010101010001010101
1011101011101011101011111110101011111010111011011111111110111011101010101
1000001010001010001010000000100010000000001000000000000010000010100010001
1010101011111010101010111110101110111011101100111111111011111110111110111
1000100010001000101010100000101000100010001000100010001000100000000010001
1010111110101111101010111011101011101110111011101110101110111111101111101
1010001000100000001010001000100010001000100000000000100000001000101000101
1011101011101111101011101110111011111011101011111110111101101010101010101
1000100010001000001010001010000010000010101000000010100000100010001010001
1110111110111011101010111010111110111110101111111011101110111011111011111
1000000010000000100000100000000000100000000000001000000010000000000000000
1111111111111111111111111111111111111111111111111111111111111111111111111
