1111111111111111111111111111111111111111111111111111111111111111111111111
0010001000000000000010000000100000100000000000100000100000001000000000001
1010101111101011111011101110101111101110111100101111101010111011111110101
1000100000101010100010001000101000000010100000100010001010100010100000101
1111111110111010101110111011101011111110101111111010111011101110101111111
1010000010000010101000001000001000100000100010000010101000001000101000001
1010101111111110101011101111111100101111111010111010101111111011101011101
1000101000000010001000100000000000100000100000100010000010001000100000101
1110101011111010111110111110101111111110111011111111111010111010111101101
1000001010001000101000101000101000000010001010000000000010000010001000101
1010111010011111101011101010101111101111101010111111011111110110111010101
1000100010000010001010001010100000100010001010100000000000000000100010101
1011101111101010111010101011111110001010111110101011111011101010101110101
1010001000101000100010101010001000101010000010100000001010000000100010101
1010111010101111101110101010101011111011111010111111111010111111111010101
1010100000001000100010101000100010000010000010100000100010001000101010101
1010111011111010111010101111111010111010101110101110101111100010101010001
1010001000100010000010100000000010001010101000101000101000101010101010001
1011101110101111111111101110111011101010111011101011101010101010101011101
1000100010001000000000100000101000001010000010001000001010100010001000101
1010111010111111111010101011101101111011111110111111111011101011111110101
1000001010000000000010101010000000001010001000000000100000001000000010101
1110101011111111111110111010101011111010101111111110101111111111111010101
1000001000000000000010001010101010001010100000100010101000000010001010101
1010111011111110101011101010101010101010111110101010101110011010101010101
1010001000000000101000101010101010100010000010101010100010001010100010101
1010001111011011101111101010001110111111101010101010111011101010111010111
1000100000001000101000001010100000101000001010001000101000101010100000001
1111111011101110101011111010111111101010111011111111101110101010101110101
1000000000000000100010000010000000100010001000100000000010101000101000101
1011111101111110101110111110111110101111101010101111101110101011111010101
1010000000000010100010100010100010000000101010101000100000001010001010001
1010111111111010111010101010101011101111101010101110101111111110101011101
1010000000001010001000101000001000100010000000100000100010000010100010001
1010101110111011101111101011111110101010111110111110101010111010111110111
1000101000100010001000101000100010001010100000001010001010001000101000101
1011101010101110111011101011101011111010111011001011101011101111101011101
1000101010100000100000001010001000001010100010000000100000100000000010001
1110101011111111101111111010111110111010101110111111111110101111111011101
1000101000000000001000100010100010000010101010101000000000100000001000101
1011111111111110101011101010111011111110100010101011111011111111101100101
1000001000001000100000001010001000001000101010001010000000001000101000001
1111101011101010101110111111101110101011101011100010111111101010101111101
1000000010100010101000100000101000100010001000001010001000100010100010101
1100111110111110101011101110101011111110111111111010101010101110111010101
1000100000001000101000000010101000100000100010000010100010100010100010101
1010101011111011111111111010001110110010101010111111111110101110101110101
1000101010000010000000100010000000100010101010000010000000100000101000101
1010101010111110101110111111111111101111101011111010111110101010101010101
1010001010000010101010001000000010001000001000001000100000001000101010001
1111111011111011101011101011111010111011111011101111101111111111101011011
1000000000001000001000101010100010001000001000100000100000001000101010001
1011111111011101111010101010101110101111101110111111101010101010101010101
1010000000000000001010100010101010100010001010001000001010101010000000101
1010111111111110101110111110101010111010111010101010111110111011111111101
1010001000000010000000001000101010001000100000100010000000100010000000101
1011101111101110111111100011101011101111100110111111111010101111011110101
1000100000001000100000100010001000001000000010000000000010100000000010001
1011111110111010101110101010111011111111111111111110111110111111111011111
1000000000100010101010101000100000000000001000100000100000100010000000001
1011101011101111101010111011111111111111101010101011101011100010111110101
1010100010101000000010001010000000100000100010001000100010001010000000101
1010110110101011111111101010101010111110111111111011111010101111111111101
1010000000101010000000001010001000000010000000000000100010100000001000101
1010101110101010111111101010101011111011111010111010101111111011101110101
1010101000101010101000001010100010001000001010001010100000001010100010101
1011101110101010101011111011101000101111101010101010110111101010111010101
1000000010100010100000001000101010100000001010101010000000001010000000101
1110101010111110101111111110101011111110111010101111101110101010011110101
1000101000001000100010001000101000000010001000101000101000100010001000101
1011111011101011111110100011111111101011101011101000111010101111111010101
1000000010001000000000100000000000000010000010000010000010000000000010000
1111111111111111111111111111111111111111111111111111111111111111111111111
