1111111111111111111111111111111111111111111111111111111111111111111111111
0000100010000000000010000000100000100000000000000000001000000000100000001
1110101110111110101010111010101110101111111110101111101111101111101011111
1000100010000010000010001010001000100010000010100000100000100000001000001
1011101011001010111011101011111111110010111011111110110010111011111111101
1010001010001010001010001000000000000010100010000000100010001000100010001
1010101010101011101110111101111111111110101110111111101111101110111010111
1010001010100010100010000000001000001000100010100000100000001010100010001
1011101010111110111010111111111011001011111010101110101101111010101011101
1000101000000010001000100000001010000010100010000010101000001010001000101
1110111111111010101111101111101011101110101110111110101011101011111110101
1010000000001010100000101000101000100010001010001000100010101000000000101
1011111111101010101011100010001110101010111011101011101010101101101110101
1000000000101000101000101010100010101010000000100000100000100000000010101
1110111011101111101110101010111010101011101010101110111010111111111011101
1000100010001000000000101000001000101000001010000010100000100010001000001
1011101110111111111111101010101111101111111111111110101110111010101101101
1010001010000000000000001010101010001010000000000010100010100010100000001
1010011011111111111111111110101010111010101111111010111010101010111111101
1010000010000000001000000000100010100010100010001000100010001010000000101
1011111010101111101011111011111010111010111010101011101110111111111110101
1010001000100010001010001010000010001000001010100000101010100000100000101
1010101110111011111010101011111110101111111011111010101010100011101111101
1000100000001000000010101000001000101000000010000000001000101000101000001
1011111111101111111110111111101010101011111110111111111111101110101110101
1010000000100000000010100000100010100010100000000000001000001010100010101
1011111110101110111010101110111110111110101111111111101011111010111010101
1000100010100010101010101000100010000000101000000000100010100010001000101
1110101010101110101010101010101011111011101011111110111110101011101111101
1010000010001000101000101010101000001000001000100010000000101000101000001
1011111011111011101110001010101010011111111110101111111110101110101011101
1000001010001010000000101010001010000000000000100000100000101000100010001
1001111010101011101111101011101011111011111111111011101111101010111110101
1000001000101000000000001010101000100010000000001000000010001010001000001
1011101111101011111111111010101110101010111111101011111110111011101111101
1010100000000000000000001010101000001000101000001000100010001010100000001
1010101011111111101011101010101111101111101010111110101011101010111110101
1010101000000010001000100010100000100000101000000000101010001010000000101
1010101111111010111110111110111110111110101111101111101010111011101011101
1010100010000010100000000000001000100010101000001000001000001000101010001
1010110010101110101111111111101011101010101011111011111011001110111010111
1000100010001000100000100010001010001010001010000010001000001010001010101
1110101111101110111110101010111010111111101010111111101111011011101010101
1010100000100010100000101010001010000000101000100000000000000000101010001
1010111010111011101110100011001011101110101111101010111110111110101011101
1010101010001000000000001000000000101010100010000010100010100010101000101
1010101011101111111110111111111110101010111010101111101011101011101010101
1000001000100000000010100000000000100010000010101000101000001010000010001
1011111110111111011010101111101110111111111010111010101111111010111011111
1010001000100010001000100000100010000010001010100010001000001000101000101
1010101010101010101110111110111011111010101000001111011110001111101110101
1010100010001000101010000010100000001000101000100010000010101000000010001
1010111010101111101011111010001111111111101011111010111010101010111011101
1010001010100000101000001010100010000000101010001000001010100010000000101
1011101010101110101110101010111010111110101010101111000011101110101111101
1000101010101000101000101010001000000010101000100010001000100000100000001
1011101110101011100011111011101111111010101001111010111110111110111111111
1010001000101010001000100010100010000010001000001010000010001010100000101
1110101011111010111010101110111011101111111011101010111110101010111010101
1000101000000010101010100010001000100000001000101010100010101010000010001
1011101111101110101010101010101110101110111110101011101011101011111111101
1010000010001000100010100010101000100010000000101000101000001000000000101
1011111110111011111110101111101011111111111110101110101111111011111111101
1000100010001000001000101000001000000000001000100010101000000010000000001
1010101011101101101011101110101111111011101010101000101011101010111111111
1010101000001000101000100000101000100000001000101010100010101010100000001
1010101111111000101010111110111010101111111010001010101010101010111000111
1010101000001000101010000000100000100010000010101010101010101010001010001
1010101011101110101011111110101110111010111010111010101010101011101111101
1010001000100010101010000010100010001010100010000010001000101000100000001
1011111110100010101110111011111011101010101011111110101100101111111111101
1000000000100000100000001000000000100000101000000000001000100000000000000
1111111111111111111111111111111111111111111111111111111111111111111111111
