1111111111111111111111111111111111111111111111111111111111111111111111111
0010000000000010001000000000100000100000000000000000000010000000100000001
1010111110111010101011111010101011101111111011001111111010111110101011101
1010001000100010101000100010001010001000001010001000001000100010101000001
1011111011111010111110101110111110111011101010111010111111101110111010111
1000001000001010000010100010100000100010001010100010000000000000100010001
1111100011101010101110111011101111101110101010101011101110110011101111111
1000101010001000100010101000101000100010001010100010000010000000100000001
1110101110111011101010101110101011111010111110111110111011111010111111001
1000100010100000101000001010001010001010000010000000001000000010000000001
1011111010101110111111101011111010001011111010111111111111111011111111111
1010001010001010000000101000001000101000101010000000000000001000000000001
1010100011101011111110101011111011101110101000111000101111101111111011101
1000101000101000000010101000000010000010100010001010100000100010001000101
1011101110101010111110101111111110111010101111101110101011111010101011101
1010100010001010100010100000000000100010100010000000101000100010001010001
1010111011111010001000111011111111101110111011111111101110101110101110101
1000001000000010101010001010000000101000100010000000001000101000100010101
1111101111101110101011101010111000111011101110111110111010001011111010101
1000100010001000101000001010001000000010101000000010000010100010001000101
1010111010111010101011111011101111111110101110111010111011111110101110101
1000100010000000001000100010001000000010100000100010001010000000100010101
1011101111101110111011101110111011111010111010101110101010111011111010101
1000001000100000101000001010100000100010001010101000100010100010001000101
1011111010111111101011111010101111101111101010101110101010101110101011101
1010000010000000100000100010001000001000001010100010101010101010100010001
1011111111111010111110101011111011111011111010111010101110101010111110111
1000000000100010001010101010000010001000001010100010101000101000000010101
1111111110101111101010101010111110101110101011101110101011101111111110101
1000000000101000101000001010100000100010101000101000100000100000000000101
1010101111101010101111101110101111111010101110101111111110111011111111101
1010100000101010100010001000100000101010100000100000000000001000100000001
1010111110101010111011111011101110101011101011111111110110101110111011101
1010100000100010101000000010000010100010001010000000000010001010000010101
1010101011101110101111110111111110101110001011101111111010101011111110101
1010000000001000000000100000000010100000101000001000100010101000100010001
1011011011111011111010110011111010111011101110111010101111101011101010111
1000001000001010001010000010000010101000001000000010101000001000001000001
1111101111101000101011111011111010101011111011100111101110111011111111101
1000100010001010100010000010001000100010000010100000000000101000100000101
1010111011111010111111111110101110111110111010111111111011101110101110101
1000001000000010000000000010100000000010001000000010000010001000101010101
1011101111111110111111111010111111111011101011101010110010111011101010111
1000100000100010100010000010001000001000101010100010100010000010000010001
1110111010101010111010111111101010111110101010101110100111111010111111101
1010100010001010001010100000100000100000100010100010100000001010001000001
1000111011111011101010101010111110101011111110111011101111101111101011101
1000100000101000100010001010001010100000100010001000100000100010001010001
1011101110101110111011111011101010111110000010101110101110111010111010101
1000101000000010000000001000100010100010001000100000101000101000001000001
1010101111111011111111101110111010111011111111111111101011101111111010111
1010100000101000100010001010001010100000100000100010000010000010100010001
1010111110101011101011100011101110101110111010111010111110101010101111101
1010100000100010001000100000100010101000000000000010000010101000101000001
1010101111101110011110111111111010101110111111111111111010101111101111101
1010001000100010000000000010000010100000100000000000100010100000100000101
1011111011111011111011111010111010111010101111111110101111111110111110101
1010000010000000100010100010001010001000001000000010000000000000000010101
1010101010111111101110101111101011100011111110101111111111111110011010111
1000101010100000001000100000001010101010000000001000000000100000001010001
1011101110101111111110111110111010101011111010111011111110111111101011101
1000100000101000000000100000000010101000000000100000000010000000100000101
1110111111101011111010101110000110101111111110101110111011110110111110101
1000000010001010001010101010000010100010001000100000100010000000001010101
1011111110111010111010101011111010111010101111101111101111111111101010101
1010000000100010001000000010001000001000100000100000100010000010001000101
1110111110101111101111101110101111101111111110111110111010111000111111101
1000100000101000001000101000100000100000100000100000100010101000000010001
1011101110101011111010111011111110111100101111101110101110101011110010111
1010000000000010001010001000100000100000100010000010100000001010000010001
1011111111111110101011101110101111111111111011111010111111111010111111101
1000000000000000100000100000100000000000000000000010000000000010000000000
1111111111111111111111111111111111111111111111111111111111111111111111111
