1111111111111111111111111111111111111111111111111111111111111111111111111
0010000000000000100000000010000010000000001000001000100000001000001000001
1011101111111110111110111010111010111010111010101010111111101010101010101
1000100000001000100000100010001000001010100010101010001000001010101010101
1110101111101110101111101111111111111011101110001011101011111010101010111
1010100000100010001000100010000010001000000010101000101010001010000010001
1010111111111011111010111010111010101111110010101010101000101011111111101
1010100000100010000010001000101000101000000000100010100010100000001000001
1010100110101110111110101111101111101011111111101010111110111111111010101
1000100010100010100010100000100000101010000000001010100010001000100010001
1011111000101010101011111110101110101010111111111010101011101010101110111
1000001010101010101000000010100010100010100000000010001000001010001000001
1011101010111011101111111010111010111110101111111111111111111011111011101
1000100010001000101010000010000010001010001000100000000000001010000010001
1011111111101110100010111111101110101010111010101111111111101011101110111
1000000000101000100010001000001000100000000010101000100000001000100000101
1011101110100010111011101010101001111011111110101010101010111110001111101
1010000000100010100000100010101000001000100010101010001010001000100000101
1110101111101011101101101110111111101111101010001111111011101011111110101
1000001000001000101000100010001000001000101010000000000000100000000010001
1010111011111010100010101011100011101010101011101011111110111110111111101
1000000010000010001010001000101010001010101010000010000010100010000010001
1011111110111111111011111110101011111010101010101110111010111010111010111
1000001000100000100010000010101000100010001010100010100010001010101000101
1111101011101010101111101010101010101111111010111010101011101010101111101
1000001010001000100000101000001010001000100010001010101000100010100000001
1010111011101011111110111011111011111010101111101011101111111010111110101
1000001010001010000010000010001010001010100000001000100000001010100010101
1101101010101110111000111010101110101010111011111110100110111010101010101
1000101000100000100010100010100010100010001010000000100010000010001000101
1010101111101111101110101110111010101111101110111011111011111111111111101
1010101000001000001000101000100000100010000010100010001000100000001010001
1010101011111010111110101110111111101011111010101110101111101110101010111
1010100010100010000010101000100000001000100000100010100000101000101010001
1110111110001110111011101011101111111110111111111110111100101011101011101
1000000010101000100000000000001000100010100000001000001000101000100000101
1011011010101011101101111011111010001110101111101011111010101110111111101
1010001000101000001000000010000010001000100010101000100010100010000010001
1010101110101101101011111110111111101011111010101010101111111011111010111
1010100000100000101000101000000010000010000010100000000000001010001000101
1011101111111110101110101011111010111110111110111111111110101010101111101
1000100000000010100010100010000010000000100000000000000010101000100000101
1010101110101010111010111110111011111111101111101111101010111111111110101
1010001000001010001010000000101000000000001000000010000010100000101000101
1011111011101111101011111111101111111010111010101110111010001010101011101
1010001000101000101000100010100000100010100010000000101010001010001000001
1110101110101010101010101000101110101110101111111111101010111010111111101
1000100000101010001010001010001000101000100010000000001010000010100000001
1011111111101011101111111010101011101111111011111110101010111110101111111
1000000000101010000010000010101000101000000010000000101010100000101000001
1011111110101010111010111110101110101011101110111111111010101111101111101
1010001000101000100000100000101000100010001000000000100010101000100010001
1010100011111010111111101011101011101110101011111110101110001011111010101
1010101010000010000010001010001000000010100010000010001010101000100010101
1110101010111111111011101110111111111010111110101111101010101110101110101
1000100010100000001000100010100000001000100000100000100010100000101000101
1011101010001011101110101010110011101111101100111011101010111110001010111
1010000000001000001000101010100010100010001000001000001010001000101010001
1011111111111011111011111010101110111010111010001111111011101111101111101
1000000000001000000010000010101000100010100010100000101000101000001000001
1111111011101010101110101010101011101110101011111010101110101011111011111
1000001000101010100010101010001000101000001000100010001000100010000000001
1011101110111010111011101111111110101111111110101111111011110110111111101
1000100000100010001000000000000000100000100010001000001000000010000010001
1110111011101110111110101111111010111110101011101011101110111011101110101
1000100010001000000000100010100010100010101000101010000010100010001000101
1011111110101111101111111010101110101010101110101011111010111010111011101
1000100010100000100010000010100010001010100010101000000010001010001000101
1010101000100110111010111110111010111010111010101111101010001011111110101
1010101000100010000010100000001000000010001010100000001000001000100000101
1010101111111010111110111110101111111011101010111011111011101110101111101
1010000000000010000000000000100000001000000010000010000000001000001000000
1111111111111111111111111111111111111111111111111111111111111111111111111
