1111111111111111111111111111111111111111111111111111111111111111111111111
0010100000000000000000100010000000100000100000000000100010000000000010001
1010101111111110111110101010101110111110101111111010101110111011111010101
1010001000000000100000101000101010000010001000000010100000101000001010101
1011111011111111101111111111101011111011011011111110111011101111101011101
1000100010001000001000000000001000001000001010000010000000000010101010001
1110101110111011111110111111111010111111100010111011101111111010100010101
1010001000100010100000101000000010100000100010100010001000001000101000101
1011111011101110101011101010111111101010111110101110111011101110101111101
1000000010001000001010000010000000001010100000100010100000100000101000101
1011111010111011111010110110111011111010111111111010111110111111101010101
1000100010000010001010100000001000000010000000000010100010100010001010001
1010111111111010101010111011101011101011111111111010101010101010111011101
1010000000000010100010001010001010001000100000001010001010001010001000101
1011111011111010111111101010101011111110101111101011111011101111101110101
1000001000001000100000100010001000000010001000001000000010001000100010001
1010101111101111101111111110111100111011111011111010111111111010111011111
1010101000001000000010000010000000001000001000101010000000100010000010001
1010101011111011111010111011111111101011101110101011111110101111111110101
1010101000000000100010000000100000100010001010100010000000101000000010101
1010101111111111100011101010101110111110111010111110111111101011111010101
1010100000100000001010001010100010000010100010000000100000000000000000101
1000111111101110111110101010111011111010101011111111101101111111101111101
1010001000001000100000101000001010001010101010000000101000001000000010001
1011101011111011101111101111101010101000111010111010111011101111111010111
1010000000001000100000000000101000101000100010100010001000100000001010001
1010101111101110101011111110101111101111101110101011101110101111101111101
1000100000101000101010000000100010001000000000001010100000100010100010001
1111101011101111101110111110101010101011111111111010111111101010111010111
1000001010001000001000101000101010100000001000000010000000001010001010001
1011111010111011011011101011101110111111111011111111111010101010101011101
1000000010000010000010001010100010000010001000001000000010001000101000001
1111101010111111111010101000111011111010101011101011101011101111101110001
1010000010000000000010100000101000001000100000100000100000100000100010101
1010111110101111110011111110101110111011101111110111101100111110101010101
1010100000001010000010000010100010001000001000000000001000001000100000101
1010111011111010111110111010101111101011111011111111111111111011101111101
1010100010001010001000100010101000100010000010000000000010000010001000001
1010101010101011101011101110101010111110111010111101111010110010111011111
1010101010101000000010001000001010100000001000000000101010100010001010001
1000101110101011111010111111111010101111101011111110101010101111101010101
1010100000101000000010001000000010000000101010001000100000101000001000101
1010101111101011111010101011111011101111101010101000001111101011111111101
1010101000001010000010100010001000100000001000100010101000101000000010001
1010111011101010111010111110101111101111101110111110101010101111111000101
1000100010001010100000001000101000100010000010100010101010101000101000101
1011101111111010111111101011101010111010111110101010111010101010101111101
1010100010001000100010101010001010000010000000101000100010100000001010001
1010101010100011101010101000111011111110111111101111101110111111101010111
1010001000100010001010001010000010000010100000001000001010001000000010101
1011101111101110111010111011111110011011101111111011111011101111111010101
1000100000001000101010000010001000001000000000000010100000101000001010101
1110111111111011101010101110101011101111111011111110101110101011101010101
1010001000100010000010101000100000100000000010001000101000100010101010101
1011101010101110110010101111111110110111111111101010101011111110101110101
1000100010101010000010100000000010100000000000100010001000000000100010101
1110111110101011111011111111111010101111111110111111111100111111101010101
1000000010001000001000000000001010001000000010001000001000100000101010001
1011111111111010111111011111101011111010111111101011101011101010111011101
1000000000001010000000000000100010001000100000101000000010001010000000101
1001111100101010101110111111111110111010001010101011111010111011101110101
1000001000101000100010100000000000100010001010101000100010101000000000101
1111101011101110111010101110111110101111111011101100101110100001111111101
1010001000100010100010001010000010100000101000000000101000100000000010001
1010111110111110101110111011111011111110101111111011111011111111111110111
1000100010100000100010001000000010000010101000001010001010000000000010001
1011100110101111111011101010111010111010101011101110101010111111111011101
1000100010001000001000101010100000001010101000100000100010001000001000001
1100110011111111101011101010111111101010101110111011111111101010111111111
1000100010000000101000001010100000001000100010001010001000101010000010001
1011101011001110101111111010101111111110111011101110101010101111100010101
1000001000001000000000000010000000000000000000100000100010000000001000100
1111111111111111111111111111111111111111111111111111111111111111111111111
