1111111111111111111111111111111111111111111111111111111111111111111111111
0000001000100000000010000000000000000010001000000000100000000010000010001
1111101010101011111010111111111011111010111010101110111011111011100010101
1000100010000010100010000010000010001000000010001000100010001000101000101
1110111111110110101110111110111111100011111110111011101110101110111011101
1000001000000000101000100000100010001010001000100010001000101010001010001
1010101010111100101011101111101010111010101011101110111011101011101110101
1010001010001000101010001000001010001000100010100010100010001000100000101
1011111011101111101110111010111010101111111110111010101110111011111011101
1010000010001000001000100010001010100010000000001000101010001000100000101
1010111110111010111011101111101011101010111111101111101011101010101011101
1000100010001000000010101000001000101010100000100000001010001010101000001
1011101111101111111110101011111110101110101111111011111010111110101111111
1010000000001000001010001000000010001000100010001010000010000010101000001
1010111011101110100010111111110010111011101010001010111011111010101011111
1010100010000000100010000000100010100010001000101010100010001010001000001
1010101111111111101111111110101110101110111111101010101110101010101011101
1000100000000010001000000000100000101000001000101010100000100010101000101
1011111110111010111011111111101111101011111010101011111011111110101111101
1010000000001010001000100000000000001010100010101000001010000000101000001
1010111011111011101110111010111111101010101110101111101010111011101011101
1010101000100010100010000010000010000000100010000000001000101010001010001
1010101110101110101011111111111011011011111011111000111111101010111010111
1010100010001000001000000000001000000010001000100010001000000010100010001
1010101111111011111010111111001111111010101110101110101011111110101111101
1010100000001000100010000010000000001000100000101000101010000010001000101
1010111111101110111011111011111110001111111111101011101011101111111011101
1010000000100000001000001000100010000010000000101000101000001000000000001
1011111110111111101111101110101011111010101110101110101110111011111101111
1000001010000000100000000000101000001000101000100010100000100010000000001
1110101011111110111111111111101111101110101011111010111110101110101111111
1000001000000010001000000010100010001000101000000010000010101010101000001
1011111011111011101011001010111010111011101111111111011011101010001011101
1000100010000010000010001000001010000000101000000000001000101000100000101
1110111010111010111110111111101011111111101111111111101110101111111110101
1010001010000010000010000010001000000010001000000000100010100000000010101
1011101111111011111010111011111011111110111011111110101110101011111010101
1000101000000010000000100010001010000010100010100000001000101000001010101
1010101010111010111110101110101010111010101110101111111011101011101011101
1010100010001010100010100010100010100010100010001000001010001000101000001
1010111010101110101010111010111110101110101011111011101010111110101011101
1010100010100000101000101000000010100000101000100010101010100000100010001
1010101110111110111110101110101110101011111110101110101010101110111010111
1010101000100000100010000010000000101000000000000010001010000010101010001
1011101011111111101011111010111100101110111110111010111011111010101011111
1000001000000000001010001010000000100000000010101010000010001010101010001
1111111111111011101011101011110110101011111010101011111010111010101010101
1000000000001000101000101010000010101010001000101010000000100010101000101
1010111111101010111110100010111010101000101011101011111110101110001111101
1010100010000010000000100010100010001010101000001000000010100010000010001
1011101011111011111110101110101010101010001111101101101011111011111110101
1010001000001010000000001000100010100000100000001000101000001000001000101
1010111111101110111011111011111010111011111111111010101110111111101011111
1010000010001000101000000010001000100000000010001010000010000000001000001
1011101110101011101111111111101111111011111010101011111011111110111011101
1000101000101010000000100000001000100010001010100010000010000000100010101
1011101011111000101011101010101010101110001010111110111010111110101110101
1000001010000010100010000000100010001000001000100010100000100010100000101
1010111010111111111000111011111111111001111111111010101111101010101111101
1000100010100000001000100010000010000000000000000010001000001000101000101
1011101010101111101111101110111010111111111011111011111011111110111010101
1010001010001000001000001000100010100000001000101010001000000010001010001
1010111111111011111011111011111110101010111110101010111111111010101011101
1010000010001010000010001000000010100010100010100000100000001010101010001
1011011010101010111110111011110010111011101010111010101111101010101010111
1010001010100010001000100010100010100010001000100010100000100000100010001
1010111010111111101010101110101110001110111110001011101010101011111111101
1000100010101000001010001000100000100010000010100000001010100000000000101
1011101010101010111011111010111001111011111011101111111010111111101111101
1010001010100010100010000000100000001000101000100000001010100010100010001
1010111110111110001111111010111110101010101110111110101010101010111010101
1010000000000000100000000010000000100010000010000000000010001000001000000
1111111111111111111111111111111111111111111111111111111111111111111111111
