11111111111111111111111111111111111111111111111111111111111111111111111111111111111111111111111111111
00000010000010000000100000000000100000000010000010000010000000000010000000001000100000000000001000101
11111010101010101101101111111110101110111010111011101010101111111010101111101010101111111011101010101
10100010001000101000001000000010000010001000100000001010101000001010101000000010000000001000001010001
10101111001111101011111011111011111011101010111101111010101011101110101111101011111111111110101011111
10101000000000100000001010000010001000101000100000000000100010100000101000101010100000001000101000001
10101110111111111011111000111110101111101011101111111111111110111111101010101010101111101011101011101
10100010100000001000100010100000100000001010001000000000100000100000100010101000100010100010101000101
10101011101101101010101110111011111111101110111011111010111010101011111110111110111010111110101111101
10001000000000100010001010001010000000101000100000000010001010001000001000100000000010100010001000101
10101111111010111111111011101010001111101011110110111111101011111110101010101111111010101010111010101
10100010000000001000000000001010100000001000000010100010001010100000101000001000000010101000100010001
10111010111110111011111110111010111111111101111010101010111010101101111111101011111110101111101111101
10000010100010100010000000100010100000000000001000100010101000101000000000001000000010101000101010001
10101110111010101110111010101011101011111011101110111010101110101011101011101111111010101010101010111
10100000100010100000001010101000100010001010001000001010100000100000100010000000000010000010001000101
10111111101010111011101010101110111010111011111010101000111111111111111011111111101111111110101110101
10000000001010001010001010100010000010001000000010100010100000000000001000001000001000001000100010001
11111101111010111010111011111011111111101111111010111010101111111111101111101011111011101011110011111
10100000001010100010101000000010000000001000000010100010001010000000100000001000000000101000100010001
10001111101010101110101011111111101011100011111110101111011010111110111111101111111111101110101010101
10000000001010101010001000001000101010000000100000101000000000100000001000001000000000100010001010101
10111111101010101011101011101010111011101110101111101011111111101011111011111010101110111011111110101
10001000101010001010001000100010000000100000100000101000001000001010000010000010101010001000000010101
11111010101011111010111110111111101110111110111110111011111011111010111110101011101011101011111010101
10000010001000001000100000100000100000100010100010000010001010001010100000100010001000101000001010101
10101111101111101011111011101011110111111010101011111110100010101010111010111010111011101111100010101
10100000101000001000100010101000000000000010001010000000101010100010001010100010001000101000101010101
10111011101011111110101110101111111110111011011010111111100011111111101010111011101110101010111010101
10001000001000101000101000000000001010001000001010001000001000000000101010001010001000101010001000101
10101111111110101011101011111111101011101111111011101110111110101110101111101110111010101011101011101
10100000000010100010001000001000100000100000000000100010100000001000100000001000100010100010101000101
10111111101110101011101011101010111111111111101111101010101111101011111011101010101111111110101111101
10100000100000100000001010001010001000001000101000000010001000001000001000001000101000000000100000101
10111010111111101111111010101011100011100010111011111111111011111011100011111110100011101111111110101
10001010000010000010000010100010000010001010001010000000001010000000100010000010100000100010000010001
11101010101011101110111110111110111010111011101010111011111010110111101110111110111111111010101111101
10000000101000101000100010001000000000100010001010101000000010100000101000001000100000001010100000101
10111111101110111011101011100011111111101110101010101111011111101110101111101010101111101010111110101
10100000001000100010001010001000000000001010100010100000000000001010100000101000100010001010001010001
10101111111011101010111010111111111111111010111010111110111011111010101110101110111010111011101011111
10100000001010000000101010000000001000000010001010100000101010001000001010000010100010000010100000101
10101010111010111100101011101111101011111011101010100111101010101111101011101110101111111010111110101
10001010001000100000100000000000101000100010001010100010000010100000101000001000101010001010000010101
11111011101111111011101111111010101110101110111010101011011110111110101101101011101010101010111010101
10100000100000000010100010000010101000100010000010101000000010100010100000101000101000101000100010101
10101111111010111110111010111110101011111011111110111001111000101010111110111010101111101011111010101
10001010001010100000001010100010101010001000000010001000001000101000100000001010101000100010001000101
10111010101010101111100010100010001110101010111011101101111110101111111111101110101010111110101110101
10000010101010100010001010101010100000100010101000100000000010100000000010100000100000100000101000101
11011010101110111010101010111000111010111010101010111111111010111111111010101011111010101111101011101
10000010100000100010101010000010100000000000001010000000101000000000100010000010001010000000101000001
10111110111111101110111011110010101011101111111011111110101010111111101111111110101111111101101111101
10100010000000101000100000100010001000100000001000000010101000100000101000001000100000000000100000101
10101011111110111010001111101111101110111010101111111010001110101110101011101011111011111110111011101
10101000000010100010100010001000100010001000100000001010001000100010100010001000000000000010000010001
10101111111010101111101110111010111111101111111111101011111011111000111110111111101011101110111010111
10001000001010101000000000101010000000100010000000101010000010000010000010100000001000100000100010001
10101011101010101011111011101010111110111010101111101010111110111111111010101011111110111111101010101
10001010001010100010001010001010100010000010101000000000100000101000001000101010000000001000101000101
11111010111010101111101010101011101011101111101011111110101110101000111111111011111111101011101010001
10000000100010101000001010101000001000101000101000100000101000000010000000001010000010001010000010101
10111110101110101110111010101111111110111010101110101111101011111010011110101010011011101010111110101
10100010101000100000100010101000000010001010100010100010000000100010001000100010001000100010100000101
10100110111011111111101110101010101011101010111010111011101011101011111011111111101110111110101011101
10100000000010000000000000101010001000100000100010001010001010001000100010000000000010000010101000001
10111011101110101011111111101011111110111110101111100010111010111110101110111111111111111010101111111
10001000001000100010000000100010100000001000100000001010100010100010100000100010000000000010100000001
10101011111011101010111110111110101111111011101111111010111110101110101111111010111110111110101011111
10101010000010001010000010001000001000001000101000001010100000100010100010001010001000100000101000001
10101010101110111110111011101111111011101010101110111010101101111010111010101011101111101111111111101
10100010100000000000001010000000001010001010100000100010000000000010001000100010001000100000000000001
11101110111111111111101010111111101010111010101110101110111111111011101111111010111010111011111110111
10001000100000001000001010000000001010100010101000101000001000000010100000001010000010000010000000001
10111011101111101011101010101011100010111110101011101011111011111110110111101111111011111110101111101
10001000100000100010001010001000101010000000100010001010000010000000000000101000001000000010101000101
11101110111010111110111010111110101011111111101110111010111111111110111110101011101111111110001010101
10000010001010100010100010001010101000000010001010001000100000000010000010100010100000000000001010101
10111111101010101010101111101010101011001010101011101011101111111011111010111110111111111111111010101
10001000101010101000100010101010101000001010000010001010001000001000100010100000100000000000100010101
10101010101010111011111010100010101111111011111110111011101011101110101110101110101111101110101110101
10101010001010000000000010101010100000001010000000100000001000100010101000100000101000001010100010001
11101011111111011110100110101010111111101010101111111111111110111010101011101011101011111010101011111
10001000000000001000100010000010100010001010000000000000000010001010101000001010001000001000101010001
10111011111111101010110010111010101010111011111011111111111010101110101111101010111111101011101010101
10000010001000000010100000100010001010001000000010000000001010100000101000001000000010001000101000101
11011110101110111111101110111011111011101011101010111111101010111111101111101111111110111110101111101
10000000100010000000001010100010001000001010001000000010100010001000001000101000000000100000001010001
10111111111010111011111010001010101111111110111011111010110111101010111010101011101011111111101010111
10100010001010001010001000001010100010000000001000100010100010000010100010100010001010000010000010001
10001011101011101110101111111010111011101011101011101110101010111111101110111110111010111011111111101
10101000101010001000100010000000100000101000101010001000001000001000001010100010000010101000001000101
10001110101010111011111011111111111110111110101010111111111111101011101010111011111010101111101010101
10001000100010000010000010000000000010100000100010001000000010001000001010001000000010101000100010001
10111011111011111110111110111111111010101111111011101010111011111111100011101011111110101010111011101
10001000001000000000100000100000001010001000001000101000001000001000001000001000001000101010000010101
11101111101010111111101111101110111011111011101110101111101001101011111011111111101011101011101010101
10101000101000100000100010000010100010001010100010100010001000001000001010000010001010001010001000101
10101110101111101110111010110110001110100010111011111010101001111111101000111011011010111010111111101
10000000100000000010000000000000100000100000001000000000100000000000001000100000000010000010000000000
11111111111111111111111111111111111111111111111111111111111111111111111111111111111111111111111111111
