11111111111111111111111111111111111111111111111111111111111111111111111111111111111111111111111111111
00000010000000100000000010000000001000000000000000000000000000100000000010000000001000100000100000001
11011011101110101111111000101011101111111110011111101001111110111111101010111111101010101010111011101
10001000101000001000000010101000100010000010000000001000100000100000001010100000001010101010000010001
10101110101011111011111110101010111010111010110111111110101111101111101010001011111010101011111110111
10100010101000100010001000000010100010100010000000000000100010001000100010100010000010001010100010101
11111010101110101111101011111110100110101111101111101111111011101011101110101010111111111010101010101
10000010100010000000100000100000100010100000101000001000001000101000101000101010000000001010001000101
10111010101010111110101110101111111010111110101011111010111110101010101011101110111111101011111110101
10001010101010000010000010101000001000100010100010000010000010001010001000100010100000100010000010001
11101010101010101111111010101011101111111010111010101011111011111011111110111010101010101110111011101
10001010101010100000001000101010100000000010100010100000001000001000100010101000100010001000101010001
10111110111010101011101011101010101110101110101111111111111011111110101010101111111011111011101011111
10100010001000101010001000001010000010101000101000000000001010000010101010100010001000000010001000001
10101010101110101011111111111011001110101011101011110111101010101110101110101010101111101110111111101
10001000100010001000000000000000001000100010001000100010001010101000001000101010101000100010000000101
10111110111010001011100111111111101010111010101110101010111010101011111010111010101010111011111010101
10100010100010100000100000000000001000100000100010001010100000101000001000000010100010001000000010101
10110010101111111110111111101111111110101110101111111010111111101010001111111010101111101101111111101
10000010100000100000100000101000000010000010100000001010000000100010100010000010000000101000000000101
11101110111110101110001110101011111011111010111011111010111110111110101110101111101010101011111110101
10001000100000101010101010101010001000100010001000001010100010000000100000001000101010100010001000001
11011010101111101010101010111010101110101111111011101010001011111111110111101010101010101110101011111
10000010100010001000101010001000001010100000001010001010100000001000000010000010101010001000101010001
10111011111011101011101011101111101010111111101110111000101011101011111010111110111011011011101010101
10100010001000101010100010101000101000001000100010100010001000100010001010100000000010000010001010101
10111110101110101010111010101010101011101110111010101111111010111000101110101010111110111110111110101
10001000100000101000001010101010001000100010001010100000001010001010100000100010000010100010000000101
10101011111110101111101010101011111011111010101000001111101111100010111111111110111010111011111111101
10100010000000000000101000101000100000001010101010001000100000001010000010000000101010100000001000001
10111111101111111010111110101100111111101010101011111010111111111011111010110111101010101111101010111
10001000100000001000100000100000000000001010101010001010001000000000000010100000001000100000100010001
11101010111111101011101111111111111111101000101000101011101011111110101010101110101111111110111111001
10100010000000001000000010000000000010001010101000100010101010000010101010100010101000000000100000001
10111111111110111110111110110111111011111000111111111110101110111010101110111110101111101011101101101
10000000100010100010100000100000001000000010000000001000100000101010100000000000100000001010001000001
11101110101010101011101111101111101111111110111011111010111111101010111111111011111111111110111110111
10001010101010101000001010000000000000100000100000000010000000001010100000000000000000000010000010101
10111010101010101111111010111110111010111111101010111110111110111011101101111111110111111011111010101
10100000101010001000100000100010001010001000101010100000101000100010001000000010000000001000001000101
10101111101111111011101111101011101011101010101110101111101011101110111011101010111111101111101010101
10100010000000001010001000101000001000100010001000101010000010100000101010001010001000100000100010101
10111011111110101010111011101111111011111111101011101010111110111111101010111110111010111011111110101
10001000000000101010100000100000100000001000000000101010100000000000100010100000100010000010000010101
10101111111111101010111110111110101011101011101010101010101110111111101110101111101111101110101110101
10101000000000100010000000101000000000100000100010001010101000100000000010001000100000001000100000101
10101011111110111011111110100011111111111111101110111010111010101111111011111010111011111011111111101
10100010000010000000100010101000000000000000001000100010000000101000001000100010001000100010001000101
10111110111011101110101110101111111111111111111011101011111110001011101010101011101110001010101010101
10001000101010100010001000100000100000100010001010001000001000101010101010001000101010100000101010001
11100011101000111011101011101110101110101010111011101110101011101010101111111110101010110111101011101
10100010000010100010001010000010001010001010001000101000101010100010100010001000101010000000101010001
10111110111110101110111011100011111010101011101110101011111010111110101010101011100011111110100011101
10001010000000101000001000101010100010001010000010101000000010000000100010101010001000000010001000101
10101010111111101011101110111010101011111010101110101110101111111011101110101010111011101111111110101
10100010100000001000001000100010001000001000101000101010000000000010001000101010100000100000000000101
10111110101111111010111011101110111110111111101011101011111111110010111110101010111010111011111111111
10000010101000000010001010001010001010000000101000100010000000100010000010100010000010100010000000001
11111000100011111111101010100011101011111110101110111110111110111111111010111111111110101110111111101
10001000101010000000101010001000001000000010101010000010100010000000000000100000000000100000101000001
10101111101011111110101010111110111111111010101011111010101111111110101111101111111111101111101011101
10100000101000100000101000100010000000000010100000101000100000000010100010001000000000100000000000101
10111110101110101111101110101011111111111110111110101111111011111110111110111111111110111000111110111
10001000100000100010000000101000001000100010000010001000000010000000100010000000000010001010000010001
10101011101111111010111110001111101010101011101011101110111010111110101011111111111010101010101111101
10100010000000000010100010100010000010001000001010100000100010100000101000000000001010001010100010001
10101011111111101110101110101011101111111111011010111110111110101111100010111011101010101011101010101
10101000000010001000100010001000101000100000001000100010100000100010001000100010001010101000101010101
10101111111010101011111000111110101010101111101111101010101111111010111111101111101011101010111010111
10100010000000100010001010000000101010001000100000001000100000100010101000101000101000101000100010001
10111011111111101110101011111111101011101011111111111111111110111110101010100010111110101011101011101
10001000000000101000101000000000101000001000000010000000100010000010001010001010000000101010000010001
11101111011110111011101010111111101111101111101010101110101011111010101011111011111011101011101010111
10101000000010100010001010001000001000101000101000101010001000100010001000100010000000001000101010001
10101011101010101110111011101011111011101010111011101011111110001110111110101111101011111110001011101
10101010001010000010100010100010100000101010001000101000100000100010100000101000001000000010001000101
10001110111011111110101110111110101110101011101111101011101110111010100111101011101010111011111110101
10100000101010100000100000100000101000101010101000001000001000001000100000001010000010101000000000101
10111111101010101111111110101001101011101010101011111011111111101111111101111011101110101111111111101
10000000101000000010000000101000001000100010101010000010000000001000000000000000100010100000000010101
10101110101110111010111010111011111110111110101011111011101111100010101110101110111110111111101010101
10101000000010001010001010001010000010100000101000001010001010001010000010101010000000100000001000101
10101111111110111011111011101010111010101110101011101010101010111011011110101010101111101111111011101
10100010000000100010000000101010001010100010001000101010100010100000001000100010000000001010000010001
10111010011111101110101011101011101010111010111111101010111010101110101011101111111111111010111110111
10001010001000100000100000001000101000001010000000001000100010000000101000101000000000100010100010001
10111011101011111111101011111111101111101010111010111111101010111111101110101011111110111010101111101
10100000100010000010001000000000001000001010001010000010001010001000100010001000001000001010100010001
10100111101110111010101111111111111111101010101010111000001111101010111111111011101011101010111010101
10100010001000101010101000000010000000101000001000001010101000100000001000001000100000101000100010001
10111000111011101010101011111010111110111111111010111010101010111111101011101111111110101110101110101
10001000101010100010101010001010100010000000100010100010101010000000100010000000001000100010101000101
11101111101010101110101010101010101111111011101111101110101010111011101011111111101011111010101011101
10101000001010001000101000101000100000001000101000001000101010100010001000100000100010000010001010001
10101011101010111010101111101010101111101110101010111111101010111010111110101110111110111110101011111
10100010101010000010001000001000101000100010001010100000001010001000000000100010000000100000001000001
10111110101010111110111011111111111010101011111010111000100011101111111011111011111111101011111110101
10000000100010100010100010000000100010001010000010001000101010101000000000001000100000100010000010101
10101111101011101011101111101100101111101011111111101010101010101011110111101110101110101000111011101
10100000001000001000000000001000000000000000000000000010000000100000000000100000001000001000100000000
11111111111111111111111111111111111111111111111111111111111111111111111111111111111111111111111111111
