11111111111111111111111111111111111111111111111111111111111111111111111111111111111111111111111111111
00100000100010001000100000001000100000000000100000000010000000001000000000000010000000100000000000101
10111010101110101000101011101010101011111010111110111010111011101011111011011010011110101111101110101
10000010100000100010100010001010001010000010000010001010100010001000100010000010001000100010001000101
10111010111111111110101010101011111010111010111011101011101110111110101011101011101010111110111010001
10000000100000100010001010100010000010101000101000001000001000100010001010001000101010000000100010001
10111010101110001011111010111110111110101110101111111111111011101110111010111110101011111111111011101
10100010001010001000000000000000100000100010000010000000001000100000100010001000101000100000000000001
10101111111011111111111011111111101111101111111011101010101110101111101111101011101010101111101110111
10100000001000000000100000000010001000000010001000101000100010100010101000001000101010100000100010001
10111110101110111110111011111000101110111010101110111110101110111010101011101110101110111110111011101
10001000100010000010100010001010100010101000100000000000101000101000101000101000100010000000100000101
11101011111011111010101110111010111010101111111110111111101011101110101110111011101011111111101011101
10001000101000000010101000100010100000000000100010100010001010000000100010000010001000100010001000001
10111110101111111110101010101111101110001110101011101011111011111111111010111111111010001010111010111
10100010100000000010001010001000001010001010001000101000001000001000000010100000001010101000100010001
10111010111111111010101011111011111011111010101110101111101110101011111110110110101110101011101111101
10100010000000100010001000000010001000000010101010100010000000101000000010000000101000101010001000001
10101011111110101111111111111111101011101010101010111010111110101110111011111011101011101110101011111
10001010000000100000100000000000101010001010100010000010001000100010001000100000100000000010101010001
11111010111111101110101111111010101010111110101011111111101010111010111110111010111110111010101010111
10001010100000000010000000001010001010000000001010000000001000001010100010001010000000101000100010001
10101010111111111111111011101011111011111111111010101111101111101011101010101011111101101111111111101
10100010100010000000100010001000000000000000100010100000100010100010001010101000100000000000100000001
10101110101000111110101110111011111111111010101110111110111010111110111011101110111110111110111110101
10001010001000101000101010100010000000000010100010100000100010100010001000001010000010001000100000101
11101010111111101010101010101111101111111110111011101111101110101010101111111011111011101011101111111
10001000100000001010100010100000001000000010001000000000101000101000101000100000001000001010000000001
10111010111110101011111010111111111010101111101110111110101011101011101010101010111111111011101111101
10000010000000101010000010001000000000100000001000000010101000001010001010101010100000001000101000101
11111111110011111010101111101111101111101110111011101010101110111010111010100011101111101110111010101
10000010000010001010000010001000101000100010000010001010100010000010001010001000001010001000100010101
10111110111110101010101110111010111010111010111110111010111010111111101010111011111010101011101110101
10100000100000101010100000100010000010100010000000001000001010100000001000100000000010100010001000101
10101111101111101010101110101111111110101111111011101111101011101101111110101111101010111010111011101
10100010100010000010100010100010001000100000000010000000101010001000000010100000101010001010101000101
10111010111011111010111010111010101010101111111010111011101010101111101110111110101011101010101110101
10000010001000100010101010001010101010100000000000100010001000100000100010001010101010100010100000001
10111111101110111110101011111010101010111110111011111010111111111010111011101010100010101010111111101
10000000001010000010101000001000100010000010001010001010100000000010000010101000101000100010000000101
11111111101011111000101110101111111011111010101110101110101111111111111000101111101110111111101110101
10001000001000001010000010000000000000001010001000100010001000100000001000101000001010000000100010101
11101011101010101011111010111111101111111010111011111011111100101110111010101011111011111110111010111
10001010001010001000000010000010000010000010000000100010001000100010000010100010000010000010100010001
10111010101010101111111011111010111110111110101011101010101010111011111110111110111010111010001111101
10000010100000100000000000101000001000000010001010001000100010101000100000100010001000100010101000001
10111111101110101010111110101111111011101010001110111110111110101110101100101010101011101010101011101
10100000101000101000100000001000001000101000100000100010100000000010001000101010101010001010101010101
10101110101010101111111111111010101110101111111111101010101111111111111011101011101110101110111010101
10001010100010000010000000000010100000100010001000001010001000100000001000000010000000100000100010101
11111010111010111010111111111110111011111010101011111011111010101110111111111010101011111111101110101
10001000100010100000001010000010000010001000100000000000100010001010100000001000101000100000101000101
10100011101110101111101010111010111110101111111111101110101111111010101010111111101110111000101011101
10100000100000100010001000001000100010100000100010000010101000000010001000100000000010100010001000001
10111110101111111010111011111111101010111110101011111110101111011011111110101111111110101110111011111
10100000001010001010001010100000001010100010101000100000100000000010000000000000101000101000001010001
10111011111010101011101010101111111010111010101110001110101110101110110110111010101011101010101011101
10001000000010100000101000100010100010000010001000101000000010101000100000100010001010001010101000101
11101011111110111011101111111010101011111011111011101111111010101001111011101111100010111010111110101
10001010001000101010001000001000100000001010001000100000001000101000001000001000101010100010000000001
10111010101011101010101011101110111111101010101110101111101111101111101111111010100010111111101111111
10100010100010001010101010100010101000101000100010100000100000001000000000001010001010000000101000001
10111010111110111010111010101010101010101111111010111011110110011010101011101010111010111110111011101
10001010001000001010001000001000101010100010000010100010000010001010101000000010001010100010000010001
11101011100011101011101111101111101010101110111110101010111011101010111100111110111010101111111110001
10101010101010100000100010100000100010101000100010001010001000100010000000100000100010100000000010101
10101000001010111111101010111010110110101011101111101110111110111011111111111010101110111110111000101
10101000000010001000001000001010000010101010001000001000100010001010000010000010101010000000100010101
10101111101011101011111111101011111010101011001011111011101011101010111011101111101011101011111110101
10100000101000000000100000101000001000100010000000000010001000101000100000001000001000000010001000101
10111110101111101110111000101110111110111110111111111110111110101101111111111011111110111110101011111
10000010001000101000100010100010000000100000000000000010001010000000100000000010000010100000101000001
10101111111010101011101011111011111010111111101111110011101011101010101111111110111011101111101111101
10100010000010101010001010000000001010001000100000000000101000101010101010000000001000001000100000001
10111010101111101011101110111111101011101010101111111011101011101010101010111111101011111010111111101
10101010100010001000100010100010000000101010100010000010001010001010001000100010001010000010000000101
10101010111010111110101010101011111010101000111010111110111010111011111011101010111110110111111110101
10001010001010100000101000101000001000100010100010000010100000100010000000101010100000100000000010101
11111010111010101011111111101111101111111110101111111010101111101011101110101110101111111011101110101
10000010100010101010000000001000001000000010101000100010100000101000000010101000101000000010001000101
10111010100110101010111111111010111011101110100011101110101110101011111110001011101011111110111011101
10001010100000001010100000001010100010100010000000001000101000001000000000101000001010100000100000001
11101010111111101010101111101011101110111011111011111011101011111011111111101111111010101111101110111
10001010101000001010001000000010001000100010001000001010101010001000100000000010000010000010001010001
10111010101010111111101011101110111010101110101110111010100000111110101110111011111011111000111011101
10001010001000000000001010001000100000100000100000100010001010000000100000001000000010001010100010001
11101011101111111111111010111011101111111111101111101111111011111011111110101111111010100010111010111
10001000101000000010001000001010001000000000100000100010000010001000100000001010000010100010001010001
10101111101011111110001111101010101011111110111011111010111110101110101111111010111110101011101011101
10001000001000000000101000100010101000001000100000001010000000101000001000000010100000101000101000101
10101011111011111111101010111110101111101011101111101011110111101110111110101110101111101111101011101
10101010000000001000101010000010101000101010001000000000100000100010100010000000100000100010001010001
10101011111111111010101011101010101010101011001011111011101011111011101011111110111110111010111000111
10001000000000100010001010100000000010101000001000100010001010000010001000001000000000101000100010101
10101111111110100111111010101111111110101111111110101010111010111110111111101011101111101111101110101
10100000100010100000000000100010100000100000000010000010100010001000000000101010000000001000000010101
10101110111010111011111111111010101111111111111011111110001111101111111110101011101110101011111010101
10001000000010000010000000001010101000001000001000100000100000101000000000100000101000101010100010001
10101111111111101110111111101010101011101111101110101111111011101011011111101110101110101010001111001
10100000000000000000100000000010000010000000000010000000001000000010000000000000100000100000100000000
11111111111111111111111111111111111111111111111111111111111111111111111111111111111111111111111111111
