11111111111111111111111111111111111111111111111111111111111111111111111111111111111111111111111111111
00100000100000001000001000000010000000100000001000000000000010000000000010001000000010000000001000001
10101010101110111011101011101110111010101011111011111010111110111111101010101110111011011011101010101
10101010100010000010101000100010100010101000000010001010100010100010001000100010001010001000100010101
10111010111011111110101110111010101111101110111110101010101010111010111111111010101010101010111110101
10000010100000000000100010001010100000101000001000101010001000000010100000001010001000101010001000001
10101110111111101111111000111010111110101110101011101111111111111110111011101010101111101010101010111
10001010001000101000001000100010000010000010101010101000000010000000100010001010100010001000101000101
11011011101010111011101110001111111011111010111010101011111010111111101011111010111010111111101110101
10000010001010001010100010000000000010000010100010000010001010000000101010000010100010100000001000001
10111010111011101010111011101111101110101010101011111111101010111110101110111110101010111011111111101
10101010100010101010001000100010000000101000101010001000101010100000101000100010101000000010001000101
10101010111010001000101110111110111111101110101010101010101011101111101011101110101011111010101010111
10100010000010100010100010100000100000100010100000101010001000001000000010000000101010000010100010001
10111011111110101110111010101111101011101010111111101011111111111011110111111111100010111010111011101
10001000000000001000001010100010001000001010100000101010000000001010000010000000100010001010100000001
10101111110011111011111010101011111110101010101110101010111111101010111010111010101110101010101111101
10100000100010000010001010101000100000101010001000101010100000100010100010001010100000001000101000101
10111110111110111110101010101010101111101011011011101010111010111110101111101010101010111111101110101
10000010001000100010100010001010100010001000001000001010100010101000101000001000100010000000100010001
11111011101001111010111111101110111010111111101010111010101110101010101110111011111010101110111011111
10000000101000001010000000100000100010100000101010001000001000100010100000100010001010001010101010001
10111110101111101011111010111111101111101110101111101111111011101110111111101111101011101010101010001
10101000000000100000101000000010000010000010100000101000001010000010101000101000001010001000101000001
10101010100110111110100011111110100010111110111110101011101011101110101010101011111010111011101101101
10001010100010000010101000000000100010101000001000101000101000101000100010001010000010101010000000101
11101010111011111010101111111111101110101011111011101010101110111011101011111010111110101010111111101
10001010100000001000001000000000001000101000000010000000100010000010001000100010000000100000100000101
11111010101111101111111011101111111011101110001111101111111011111110111010101011101111111110101110101
10000010100010101000000010001000001000000010001000101000001000001010001010000010001000000010101000001
10111110000010101011111111111011101111111011111010111011101011101011101011101110011011111011101011101
10001010101010001000100000000010100000100010000010000010001000101000101000101000001010000010001000101
10101010101011101110101111111110111011101110111111111110111111101011101010111011111011101110111110101
10101000101000100000101000001000001000001000101000000010000000101000101010000010001000100010100000001
11101011101110111111101010101111101010111110101010101111111100101110101011111110101110111010101010111
10001010000010001000001010100000001010000000100010101000001000100010101000001010000010001010101010001
10111011101111101010111110111111101011111111101110101010111011111010101111101010111011101010001011101
10100000100000001000100010100000101000100000001000101010000010000010100000101010101010001010001010001
10111110101111111110101010101111101110101111111010111011101110111110111110101010101000111011101011101
10000010000000000000001000101000001010100000100010100010000000100010000010100010101010000000101000001
11111010111011111011111111101011111010111110101111101111111010101011111010111010101011101110101110111
10000000000010001000000000100010100010000000100010000000000010001000001010100010100010001000100010001
10111011101111101011101111101110101011101111111000111011111110111011101010111110101110111011111110101
10000010001000001010101000000010001000000010001000100000100000101000001010001000100000100000000010101
10111110111110101010101010111011101111101110101011101110101111101011111011101011111011111111011011101
10001000100000101010001010001000101000101000100000000000101000100010000010001000100010000000001000001
10101010101111111011111011101110111010001011111011111111101011101011101010111010111010111111101111101
10100010001000000010000000101000100010100010001000001000001000001000001010101010000000100010101000001
10111110001011111110111111101011101110111000101111101011111111101010111110100011111111100010101111101
10100010100010000000100000001010000010001000101000100000000000101010100000101000100000001010100000101
10101011101010111111101111101011111011101111111010101110011100101010101111101110101111111010101110101
10101000001010101000001000101000000010100010000010100010001000100010101010000010001000000010000010101
10101111111010101011101010111111111110111010111110111011101001111110100010101111111011111110111010101
10100000100010001010001010000000000000001000100010000010001000001000101000101000000010000000100010101
10101110101111101011101011111110111111101111111011111111111111101011101011101011111010101111101010111
10100010100000101000001000100010000010001000001010000000000000101010101010001010001000001000101010001
10111110101010001110101110101011111010111010101010111110101100101010100010111010101010111010101111101
10000010101000001000100000001000001010000010100010100010101000001000101010001010001000000010100000101
11111010101011111010111111111111111011111010111110101010101010111111101011101010111011111111111110101
10001010101000100010100000000000000010001010001000101000100010000000001000100010000010000010000000101
10111010101110111010101010111111111110111011101010101111111010111111111110111110111110111010111011101
10100000100000000010100000100000000010000010000010100010001000001000000010100000001000100000101010001
10101011111111111111101111101111111010111110111010111010101111101011110010111111111011111111100010101
10001000000000001000101010000010000010100000100010001000000000001000100000000000001000000010000010101
11111010111111101010101010111010111010111110101010111111111111111110111111011111101111111011111010111
10001010100010000010001000101010100010000010101000000000000010000010000000000000000000000010000010001
10101011101010111111111011101011101011111010101111111010111000101011111111101111111100111110101011101
10100010001000100010000000001000001000000010101000001010101010101000000000100000000000100000101000101
10111110111110001010111111101111111111111010101011101110101011101111111110101111111111101011101110101
10000010000010101000100010001010000000000000101000100000101010001010000010100000100000001000101000101
10111011101110101111101010101010111111101110101110111111101010111010101010111101101111111011101011101
10001000101000001000101010000010100000100010101000101000000010001000101010001000001000000000101010101
11111000101011101010100011111010101111111010101011100011111111101011101011101011111111110010101010101
10000010101010001010001000101010001000001010100010001000001000001000101000101010001000000010101000101
10111111101011111011101110101011101011101011111110101111101010111010101111101010101011011010101111101
10001000001010001000100010001000101010001000100000100000101010101010001000001010101010001000100000101
10101011111010101110111010101011101010111010101011111110101110101010111010111010101010101010111110101
10101000001000100010001010100010001010100000101000001000100000100010100010000010100010101000100010001
10101111101011101111101010111110101010111110101111101111101111101110101110101110111110101110101011101
10100010100000100000101010000000101010000000101000100000000000100010101000100010000010100010001000101
11101010111110111011101011111111101010111110101110111111101110101110101111101011111010100111111110101
10001010000010001000100000000010001010100010100000000000100010101000100000101010000010100010000000101
10101011101111101110111111111010101010101011101111101010111010111011111110111010101010101010111111101
10001010001000101010000010001000100010101000001000101010000010000010000000000010101010101000100010001
10101010101010101011111010101111101011101111011010111011111111111110111011111110101010001011111010111
10101000101010001000001000100000101000001000001010000010001000000010100000001000100010100000001010001
10101111101011111011101111111010101111111111101011111110101011111010101111101010111110111011101011101
10101000001010000010000000101010101000000000101000000000100010001000101000001010100010000000100010101
10001011111010011110111110100000101011111110101111111111111110101110101110101011101011111110111010101
10101000001010000000001000101010100010100000100000000010000000100000100010000010001000100000100000101
10101110111010111111101011101011111110101111101111111010100011101111111010111110111110101011101111101
10100010100010100010001010001000000000100010001000000010100010001000000010100010000000101010001000001
10101011101110101010111011101110111111111010111110111010111011111011111110101010101111101110111011111
10001000100010101010001000001000100000001010000000000010100010000000000000101000100010000000100010001
11101110111010101111101111101011101111101010111111101010101110111011111011101111111011111011101110111
10001010001010001000001000001000101000100010000010001010100000001010001000100000101000001000101000001
10111010100011111011111011111110101010111111111010101010111011101110101111111110101111101111101111101
10001010101000000010001010001000101010000000001010100010001000101000100000000010001000101000101000101
11101010111110101110111000101011101111111011101110101111101110101011111110101111101110101010101010101
10000000000000000000000000101000000000000010000000100000001000100000000000100000000000100010000010000
11111111111111111111111111111111111111111111111111111111111111111111111111111111111111111111111111111
