11111111111111111111111111111111111111111111111111111111111111111111111111111111111111111111111111111
00000000000010000010000010000000101000000000001000100000001000001000000000000000000010000000000000101
11111111111011101010101000011010101011101111001011101011101011101111111111101111111010101111101110001
10001000100000001010101010001010001010001010001000100010001000100000100000100010000010000000101000001
10101010101110111110101011111011011010111010111110101010111110111110101110111011110111110011101101101
10100010101000100010101010000010000010001000100010000010001000101000101010001000000000000010001000101
10111011101011101010101010111110111111101011101011101011101011101011100011101110101111111110111010101
10101010001000001000101000000010100000001000001000101010001000100010001010001000101000001000100010101
10101010111111011011101011101010111010111111111110101010101010101111101000111010101111101010101110101
10101010001000001000101000101000000010001000000000100000100010101000001000100010101000001000000010101
10101011100011101110101110111111011111100011011111101110111110101011111011101011101011101111101110111
10101000100010001000101010000000000000001010001000001010000010100010100010001000100000000000100010001
10101110111110111111101011111011111111111010111011101011111010111110101110111110111110111111101011101
10100010001000100000001000001000100000000010100010001000001000100000001000100010100000100000101000101
10111011101011111011111011101010101111111110101110111110111111101111111011101010101111101110101110101
10001000101000001000001000000010101000100000000010100000100000001000001000001010001000100010001000101
10101110001111101111101011011110101010101111111110111011101111111110101000111011111010101011111001101
10100010000000101000001000001000001010001010000000100010001000000000101010001000000010101000001000001
10111011111110101011111111100011111011101000111111101110111011101111111011101011111110101111101111101
10001000000010101010000000001010001000000010001000100010000010001000000010101010000010100000100000101
11111111111011101011111011111010101111111011101010101011101110101011111010101000101110111110101110101
10001000000010001000001000001000100000100010001000100000001000101010001000001010100000000010100010001
10101010111010111011101011101111111110101110111110101111111011111010101011011011111111111010001010111
10100010000010100000001000100000001000100000100010100010000000000010100000000000000000101010001010001
10111111111110101110111010111111001011111110101010111011111010111110111111101111111110101010111011101
10000000000010100010001000000010001000000010001010001000100010001000101000100000100000100010001000001
10111111111010101111101011111110111111111011111010101110101011101011101010111110101110111110101111101
10000000100010101000001010001000100000000010000010100000101010001000001010000010100010000000100000001
11111110101010101011111110101010101111110110111110111111101011101111111011111011101011101111111111101
10001000101010101000100000101010101000100000100010101000001000100000100010000000101010001000000000101
10111011101010111110101111101010101011101110111010101011101110111110101011011110111010111011111111101
10000000100010000000100000100010101000000010001010100000101010100010001010000010000010100000000000101
11111111101011101111101000111110101101111011101010111111101010101010111110111010101110111111101010101
10000000001000100000001010001000100000100010101010000010001000101000100000000010100000100000100010101
10111110101111101111111011101011111110111010101011111010111011111011101111101110101110101110111010101
10100010100000101000001000000000000010001010101000000010101000000000000010001000101000101010001010001
10101011101110101110001110111111101111101010100011111110101111111010111010111110101111101011101011111
10101000001000100000000010001000101000001000101010000000100010001000100010000010101000001010001000001
10101101111011111111111011101010111011111110101010111111100010101111101111101010101011111010111111101
10100000001000000000001010100000000010001000101010000000100010100010000000100010101010000000001000001
10111111101111111111101010111111111110111011101010111110101110101110101011101110101011101011101110111
10000000101010000000001000001000100010000010001010101000100010101000101000100010100000001000100010001
10101110101010111111101111101010101010111110111010101011111010101011101110111011111111111110111011111
10100000101010100000000000100010101010001010001000001000001000100010001000001000100000100010001000001
10111110101010101111111101111110101111101011101011111011100011111010101010101110101100101011111111101
10100010100010100010000000000010100000101010001000001000101010001010101010100000101000001010000000001
10101010111010111110111111101010101110101010111111101011101110101010101011101111101101111010111111101
10101010001010001000100000101010100010000010100000001010001000101010101000100000000000001010100000001
10111010111011101011111110101010111111111110111011111110101011101011101110111101100011101010101111111
10100010001000101000001000101010001000000010001000000000101010001000001000001000001010001000100000001
10101111101110101111101011101011101011101011101110101110111010111111101011111011111010111111111111101
10101000101000101000001000100010001010001000001000101000100010000000101010000010000010001000001000101
10101010101010101011101110101110111010101111111011101010101011111110101010101110111111101010111010101
10100010100010001000000000101000100010100000001010001000000000100000101010001000100010001010100010001
10111110111110101111111110101011101111111011101010101110111111101111111011100011111010011010101111111
10000000001000100000100010101000000010001000100010100010100000001000000010001000001010001000100010001
10111010111011111010101010101110101010101110111111111010101110111110101110111111101011101010111010101
10100010100010001010101010100000101000101010100000000010100010100010100000100000100010001010001010101
10101010101111101010101010110111101111101010101110111110111011101011111111101110111010111011101010111
10101010101000001010001010000000101000001010101010001000101000001000000010001010000010101000100010001
10101011101010111011111011111110101011111010101011101011101111111111111010111011111110101110111110101
10101010001010001000000010001000101010000000101010001010001000000000001010000000000010100010001000101
11101010111011101111101010111010111010111111101010111010101010111011101010111010101110111011101110101
10001000100000100010001010001010000010100010001010000010101010100010001010001010100000100000100010101
10111111110111111010101011101011101110101010011011111110101011101110111011101011101111101110111010101
10000000000010001010101000101000001010101010000010000000001000101010000000100010001000001000001010101
10111111111010101010101010101111011010101011111011111011101110101011111110111010111110111111011011101
10100000101010100010000000100000000010101000001000001000100000101000000010100010100010100000001000001
10101110101010111110111111101111111110101110101111101010110110101011111110100110101010101111101111101
10101000001010000000000000001000000010100010100010001010100010101000000000100000001010000010001000001
10001111111011101111111111101011111010101110101110111110101110000011111110111011111011111000111011111
10001000001000000000100000101010001010101000101000100000100000001010000010100010000010001000000010001
10111011101011111110111110101010001010101010111010101111111111101110101011101110111010101011111110111
10100010101000001010000010001000101000101010100010001000000000001000101000001010001000101000100010001
10101110101111100011111010111111101111111011101111101011111111101011101111111010001111101110101011101
10100010001000100010100010100010001000001000001000101010000000101000100000001000101000100010001000001
11111010111011111010101110101010111011101011111010101011111110101110111011101011101010111011011111101
10000010100000000010100010101000100000101000001010001000000010000010001000100010001000000010001010001
10111110111111101110111011101111101110101111101011111010101010101111101111111110111010111110101010111
10100010000000100000001000101000100010100000100010001010101010001000000000000000100010100000101000001
10101010111110101111101010101010111010111110111110001010101011011010111111011110100110101111101111101
10101000100010100000001010100010001010100010000000101010001000001010001000000000100010101000100010101
10111110101000111011101110111111101110101011111111101011111111101011101011111111111011101011111010101
10000010101010000010000000000010100010100010000000000000001000101010100000000000001000000010001010101
10101011101011111011111110111010111010111010111111111110111010101010111111101111101111111110101010101
10101010001010100010000010000000001000100010100010000010100010101000100010100000101000000010101010001
10101010111010101110111011111011111111101110101011001010101110101110101010101110101011111010101010111
10001000101010000010101000001010000000000000101000001010001000101000101010000010101010001000100010001
10111111101011101110101111101010011111101101101100111010111011101011101011111010101010111111111111101
10100000001000101000100010001010000010000000001000001010000010001010001000001010101010000000100000101
10111110101110111011101110101011111000110011111011101000101111101010111111101010101000111010111000101
10000010100010001000101000100000001010100010001000101000101000100010001000001010001010001010000010101
11011010101111101110101011101111101010101110111010111111101010101111101111101110111011101011111010101
10001010101000000010001000101000100010100010001010000000100010101000100000100010100010101010100010001
11101010101011111011101110101011111110111011101011111110111110101010111110101011101110101000101110111
10001010101000100000101000101000000010001000100000001010000010100010001000101000001000001010000010101
10111010101110111111101011101110111000111110111111101011101010111111111011101111111011111011101110101
10001010100010000000101000101000001000100010000010100010101010000000000010000000001010001010000010101
10101010101011111110101110100010101111101011111010111010101111111111111110101101111010001010111010101
10100000100000000000000010000010000000001000000010000000100000000000000000100000000000101000001000000
11111111111111111111111111111111111111111111111111111111111111111111111111111111111111111111111111111
